1.1643136153	9.7950000000	0.0000000000	0.0000000000	0.0000000000	0.0000000000	0.0000000000	0.0000000000	0.0000000000	0.0000000000	0.0000000000	0.0000000000	0.0000000000	0.0000000000	0.0000000000	0.0000000000	0.0000000000	
98.7970635242	0.0000000000	0.0000000000	0.0000000000	0.0000000000	0.0000000000	0.0000000000	0.0000000000	0.0000000000	0.0000000000	0.0000000000	0.0000000000	0.0000000000	0.0000000000	0.0000000000	0.0000000000	0.0000000000	
18.8205450017	26.6878131066	0.7547264848	0.0000000000	0.0000000000	0.0000000000	0.0000000000	0.0000000000	0.0000000000	0.0000000000	0.0000000000	0.0000000000	0.0000000000	0.0000000000	0.0000000000	0.0000000000	0.0000000000	
1010.1455225124	57.7251826079	1050.5378592719	-6.5852124964	0.0000000000	0.0000000000	0.0000000000	0.0000000000	0.0000000000	0.0000000000	0.0000000000	0.0000000000	0.0000000000	0.0000000000	0.0000000000	0.0000000000	0.0000000000	
1.0000000000	6.0000000000	5.0000000000	0.0000000000	0.0000000000	0.0000000000	0.0000000000	0.0000000000	0.0000000000	0.0000000000	0.0000000000	0.0000000000	0.0000000000	0.0000000000	0.0000000000	0.0000000000	0.0000000000	
-0.0297961764	-0.0016506602	0.0002619212	-0.0000259321	0.0000013810	-0.0000000281	0.0153589843	-0.0005355179	0.0000731873	-0.0000060533	0.0000002760	-0.0000000052	0.0018941275	0.0000019243	-0.0000016853	0.0000002014	-0.0000000095	0.0000000001	0.0000047137	0.0000059799	-0.0000007558	0.0000000535	-0.0000000019	0.0000000000	-0.0000048823	-0.0000001103	0.0000000417	-0.0000000057	0.0000000004	0.0000000000	-0.0000002841	-0.0000000132	-0.0000000008	0.0000000004	0.0000000000	0.0000000000	0.0000000162	0.0000000003	0.0000000000	0.0000000000	0.0000000000	0.0000000000	0.0011598251	0.0000510946	-0.0000087970	0.0000009523	-0.0000000550	0.0000000013	-0.0001459818	0.0000172773	-0.0000022328	0.0000001665	-0.0000000063	0.0000000001	-0.0000079262	-0.0000012064	0.0000003507	-0.0000000420	0.0000000023	0.0000000000	-0.0000069001	-0.0000001603	0.0000000072	0.0000000011	-0.0000000001	0.0000000000	0.0000000843	0.0000000115	-0.0000000045	0.0000000007	0.0000000000	0.0000000000	0.0000000531	-0.0000000003	0.0000000004	-0.0000000001	0.0000000000	0.0000000000	-0.0000000019	0.0000000000	0.0000000000	0.0000000000	0.0000000000	0.0000000000	
-0.9091495616	0.0098892914	-0.0016069763	0.0001807054	-0.0000109319	0.0000002569	-0.1200430542	-0.0000328039	0.0000807304	-0.0000136634	0.0000009479	-0.0000000238	-0.0008651782	-0.0001405651	0.0000224040	-0.0000025370	0.0000001592	-0.0000000040	0.0002958594	0.0000045689	-0.0000025610	0.0000004272	-0.0000000307	0.0000000008	0.0000147290	0.0000001455	0.0000000534	-0.0000000116	0.0000000008	0.0000000000	-0.0000014999	0.0000000000	0.0000000042	-0.0000000009	0.0000000001	0.0000000000	0.0000000300	-0.0000000002	-0.0000000002	0.0000000000	0.0000000000	0.0000000000	0.0077050201	-0.0001656040	0.0000405380	-0.0000065171	0.0000004917	-0.0000000134	0.0006956798	0.0000533743	-0.0000158906	0.0000021058	-0.0000001331	0.0000000032	0.0005040781	-0.0000017180	0.0000005782	-0.0000000602	0.0000000022	0.0000000000	-0.0000094847	-0.0000005136	0.0000002463	-0.0000000395	0.0000000028	-0.0000000001	-0.0000029804	0.0000000584	-0.0000000197	0.0000000028	-0.0000000002	0.0000000000	0.0000001556	-0.0000000022	0.0000000002	0.0000000000	0.0000000000	0.0000000000	-0.0000000023	0.0000000000	0.0000000000	0.0000000000	0.0000000000	0.0000000000	
0.0372819201	-0.0010391641	0.0000777949	0.0000035136	-0.0000006234	0.0000000191	-0.0155324236	-0.0001601079	0.0000172554	-0.0000018452	0.0000001336	-0.0000000039	0.0005273350	0.0000231792	-0.0000067499	0.0000008682	-0.0000000531	0.0000000012	-0.0000290560	0.0000035832	-0.0000007773	0.0000001128	-0.0000000082	0.0000000002	-0.0000085668	-0.0000000465	0.0000000318	-0.0000000057	0.0000000004	0.0000000000	0.0000002785	-0.0000000205	0.0000000044	-0.0000000006	0.0000000000	0.0000000000	0.0000000061	0.0000000006	-0.0000000002	0.0000000000	0.0000000000	0.0000000000	-0.0005259855	-0.0000060010	0.0000099980	-0.0000019747	0.0000001535	-0.0000000042	-0.0008851546	-0.0000123300	0.0000038390	-0.0000004033	0.0000000182	-0.0000000003	-0.0002294098	-0.0000031930	0.0000009074	-0.0000001150	0.0000000068	-0.0000000002	0.0000035565	-0.0000001326	0.0000000350	-0.0000000074	0.0000000006	0.0000000000	0.0000014679	0.0000000101	-0.0000000045	0.0000000007	0.0000000000	0.0000000000	-0.0000000613	0.0000000012	-0.0000000003	0.0000000000	0.0000000000	0.0000000000	0.0000000000	-0.0000000001	0.0000000000	0.0000000000	0.0000000000	0.0000000000	
-0.0046155239	0.0010564843	0.0000000000	0.0000000000	0.0000000000	0.0000000000	0.0000000000	0.0000000000	0.0000000000	0.0000000000	0.0000000000	0.0000000000	0.0000000000	0.0000000000	0.0000000000	0.0000000000	0.0000000000	
-0.0039301491	-0.8275529140	0.2201903316	0.0000195958	0.0000000000	0.0000000000	0.0000000000	0.0000000000	0.0000000000	0.0000000000	0.0000000000	0.0000000000	0.0000000000	0.0000000000	0.0000000000	0.0000000000	0.0000000000	
-14.6196154472	0.0000000000	-0.0300900517	-0.9608954853	0.0000000000	0.0000000000	0.0000000000	0.0000000000	0.0000000000	0.0000000000	0.0000000000	0.0000000000	0.0000000000	0.0000000000	0.0000000000	0.0000000000	0.0000000000	
0.0001809681	-0.1186904814	-0.0051743825	-0.0001266777	0.0000000000	0.0000000000	0.0000000000	0.0000000000	0.0000000000	0.0000000000	0.0000000000	0.0000000000	0.0000000000	0.0000000000	0.0000000000	0.0000000000	0.0000000000	
