DAE21
 1.00000    -0.00034
 0.99693     0.00021
 0.99196     0.00111
 0.98651     0.00211
 0.98057     0.00321
 0.97418     0.00442
 0.96738     0.00573
 0.96023     0.00715
 0.95277     0.00867
 0.94504     0.01030
 0.93710     0.01202
 0.92900     0.01381
 0.92078     0.01568
 0.91247     0.01762
 0.90409     0.01962
 0.89564     0.02169
 0.88713     0.02381
 0.87857     0.02599
 0.86996     0.02822
 0.86131     0.03051
 0.85261     0.03284
 0.84385     0.03522
 0.83505     0.03765
 0.82620     0.04012
 0.81729     0.04263
 0.80834     0.04517
 0.79934     0.04775
 0.79028     0.05035
 0.78119     0.05298
 0.77205     0.05562
 0.76290     0.05828
 0.75377     0.06092
 0.74468     0.06355
 0.73565     0.06614
 0.72668     0.06871
 0.71777     0.07123
 0.70893     0.07372
 0.70015     0.07616
 0.69144     0.07855
 0.68279     0.08088
 0.67421     0.08316
 0.66569     0.08537
 0.65724     0.08752
 0.64885     0.08960
 0.64050     0.09161
 0.63218     0.09356
 0.62387     0.09544
 0.61557     0.09726
 0.60727     0.09902
 0.59898     0.10072
 0.59071     0.10235
 0.58244     0.10392
 0.57418     0.10543
 0.56592     0.10687
 0.55766     0.10825
 0.54940     0.10956
 0.54115     0.11081
 0.53289     0.11199
 0.52463     0.11311
 0.51637     0.11416
 0.50810     0.11515
 0.49982     0.11608
 0.49153     0.11694
 0.48323     0.11773
 0.47492     0.11847
 0.46660     0.11914
 0.45827     0.11974
 0.44994     0.12029
 0.44161     0.12077
 0.43327     0.12119
 0.42494     0.12155
 0.41660     0.12184
 0.40827     0.12206
 0.39994     0.12223
 0.39161     0.12233
 0.38330     0.12236
 0.37499     0.12233
 0.36669     0.12224
 0.35839     0.12208
 0.35011     0.12185
 0.34184     0.12156
 0.33358     0.12121
 0.32534     0.12078
 0.31712     0.12030
 0.30892     0.11974
 0.30074     0.11912
 0.29257     0.11843
 0.28443     0.11767
 0.27631     0.11684
 0.26822     0.11595
 0.26016     0.11499
 0.25213     0.11395
 0.24414     0.11286
 0.23618     0.11169
 0.22827     0.11045
 0.22040     0.10914
 0.21257     0.10777
 0.20480     0.10632
 0.19708     0.10480
 0.18943     0.10322
 0.18184     0.10157
 0.17433     0.09984
 0.16689     0.09805
 0.15954     0.09619
 0.15228     0.09427
 0.14511     0.09227
 0.13804     0.09021
 0.13108     0.08809
 0.12424     0.08590
 0.11752     0.08366
 0.11095     0.08136
 0.10453     0.07902
 0.09828     0.07663
 0.09221     0.07421
 0.08633     0.07177
 0.08066     0.06930
 0.07521     0.06683
 0.07000     0.06436
 0.06502     0.06190
 0.06029     0.05946
 0.05582     0.05705
 0.05160     0.05469
 0.04764     0.05237
 0.04392     0.05011
 0.04045     0.04790
 0.03720     0.04575
 0.03418     0.04366
 0.03136     0.04164
 0.02874     0.03968
 0.02631     0.03777
 0.02404     0.03593
 0.02193     0.03414
 0.01996     0.03240
 0.01813     0.03072
 0.01643     0.02908
 0.01484     0.02749
 0.01337     0.02594
 0.01201     0.02444
 0.01074     0.02298
 0.00956     0.02155
 0.00846     0.02016
 0.00745     0.01880
 0.00651     0.01746
 0.00565     0.01616
 0.00484     0.01487
 0.00411     0.01360
 0.00344     0.01235
 0.00283     0.01112
 0.00229     0.00991
 0.00181     0.00872
 0.00139     0.00756
 0.00103     0.00642
 0.00073     0.00530
 0.00048     0.00421
 0.00028     0.00313
 0.00014     0.00208
 0.00004     0.00103
-0.00000     0.00000
 0.00000    -0.00103
 0.00006    -0.00205
 0.00018    -0.00307
 0.00036    -0.00408
 0.00062    -0.00509
 0.00095    -0.00608
 0.00138    -0.00704
 0.00190    -0.00796
 0.00253    -0.00883
 0.00326    -0.00964
 0.00409    -0.01038
 0.00501    -0.01103
 0.00602    -0.01162
 0.00710    -0.01213
 0.00825    -0.01257
 0.00947    -0.01296
 0.01075    -0.01330
 0.01211    -0.01359
 0.01354    -0.01384
 0.01504    -0.01408
 0.01663    -0.01429
 0.01830    -0.01448
 0.02007    -0.01465
 0.02195    -0.01480
 0.02394    -0.01493
 0.02607    -0.01505
 0.02834    -0.01515
 0.03078    -0.01524
 0.03340    -0.01530
 0.03623    -0.01534
 0.03929    -0.01536
 0.04261    -0.01536
 0.04622    -0.01532
 0.05018    -0.01525
 0.05451    -0.01514
 0.05925    -0.01500
 0.06445    -0.01480
 0.07014    -0.01457
 0.07631    -0.01429
 0.08298    -0.01397
 0.09010    -0.01359
 0.09763    -0.01317
 0.10555    -0.01269
 0.11383    -0.01217
 0.12241    -0.01160
 0.13124    -0.01100
 0.14028    -0.01037
 0.14946    -0.00972
 0.15875    -0.00905
 0.16813    -0.00837
 0.17758    -0.00768
 0.18710    -0.00697
 0.19665    -0.00627
 0.20624    -0.00555
 0.21584    -0.00484
 0.22543    -0.00413
 0.23503    -0.00342
 0.24462    -0.00272
 0.25421    -0.00202
 0.26379    -0.00132
 0.27336    -0.00063
 0.28292     0.00005
 0.29247     0.00073
 0.30202     0.00140
 0.31155     0.00206
 0.32107     0.00271
 0.33058     0.00335
 0.34008     0.00399
 0.34958     0.00461
 0.35906     0.00522
 0.36854     0.00583
 0.37801     0.00642
 0.38746     0.00700
 0.39690     0.00756
 0.40632     0.00811
 0.41574     0.00865
 0.42514     0.00917
 0.43454     0.00967
 0.44394     0.01016
 0.45332     0.01064
 0.46269     0.01110
 0.47205     0.01154
 0.48139     0.01196
 0.49071     0.01236
 0.50003     0.01274
 0.50934     0.01310
 0.51864     0.01344
 0.52794     0.01376
 0.53723     0.01406
 0.54652     0.01433
 0.55581     0.01458
 0.56510     0.01482
 0.57439     0.01503
 0.58368     0.01522
 0.59296     0.01539
 0.60224     0.01554
 0.61151     0.01566
 0.62077     0.01577
 0.63003     0.01585
 0.63928     0.01590
 0.64853     0.01593
 0.65778     0.01594
 0.66703     0.01593
 0.67629     0.01589
 0.68555     0.01583
 0.69481     0.01575
 0.70407     0.01564
 0.71334     0.01551
 0.72259     0.01536
 0.73184     0.01519
 0.74108     0.01499
 0.75032     0.01477
 0.75954     0.01453
 0.76877     0.01426
 0.77798     0.01397
 0.78719     0.01365
 0.79640     0.01331
 0.80560     0.01294
 0.81480     0.01254
 0.82400     0.01212
 0.83319     0.01168
 0.84239     0.01121
 0.85159     0.01071
 0.86079     0.01019
 0.86998     0.00965
 0.87916     0.00908
 0.88832     0.00849
 0.89745     0.00789
 0.90655     0.00726
 0.91559     0.00661
 0.92454     0.00595
 0.93338     0.00529
 0.94203     0.00462
 0.95043     0.00395
 0.95850     0.00329
 0.96616     0.00265
 0.97336     0.00203
 0.98007     0.00144
 0.98623     0.00089
 0.99183     0.00039
 0.99689    -0.00006
 1.00000    -0.00034
