Goe797
 1.00000     0.00000
 0.99640     0.00116
 0.99084     0.00296
 0.98507     0.00481
 0.97908     0.00672
 0.97287     0.00869
 0.96641     0.01074
 0.95970     0.01285
 0.95273     0.01504
 0.94548     0.01730
 0.93795     0.01963
 0.93015     0.02204
 0.92207     0.02451
 0.91374     0.02705
 0.90517     0.02964
 0.89641     0.03228
 0.88749     0.03494
 0.87845     0.03762
 0.86935     0.04028
 0.86022     0.04293
 0.85110     0.04554
 0.84200     0.04811
 0.83293     0.05063
 0.82391     0.05309
 0.81494     0.05550
 0.80599     0.05785
 0.79706     0.06015
 0.78812     0.06240
 0.77916     0.06461
 0.77015     0.06679
 0.76108     0.06894
 0.75195     0.07106
 0.74274     0.07317
 0.73346     0.07527
 0.72411     0.07735
 0.71469     0.07942
 0.70522     0.08147
 0.69573     0.08352
 0.68622     0.08555
 0.67673     0.08755
 0.66728     0.08952
 0.65786     0.09145
 0.64851     0.09333
 0.63921     0.09516
 0.62998     0.09694
 0.62082     0.09867
 0.61171     0.10033
 0.60267     0.10194
 0.59368     0.10348
 0.58473     0.10496
 0.57581     0.10638
 0.56693     0.10774
 0.55807     0.10904
 0.54924     0.11027
 0.54042     0.11145
 0.53161     0.11255
 0.52282     0.11360
 0.51404     0.11458
 0.50526     0.11549
 0.49649     0.11633
 0.48773     0.11710
 0.47898     0.11781
 0.47022     0.11845
 0.46147     0.11902
 0.45273     0.11952
 0.44397     0.11996
 0.43522     0.12034
 0.42645     0.12065
 0.41767     0.12090
 0.40887     0.12108
 0.40004     0.12120
 0.39118     0.12125
 0.38228     0.12125
 0.37334     0.12117
 0.36435     0.12104
 0.35532     0.12084
 0.34626     0.12059
 0.33717     0.12027
 0.32808     0.11990
 0.31899     0.11947
 0.30994     0.11899
 0.30095     0.11846
 0.29203     0.11788
 0.28323     0.11726
 0.27456     0.11658
 0.26602     0.11584
 0.25764     0.11503
 0.24940     0.11415
 0.24131     0.11319
 0.23336     0.11216
 0.22554     0.11104
 0.21785     0.10984
 0.21026     0.10854
 0.20278     0.10715
 0.19537     0.10565
 0.18804     0.10405
 0.18075     0.10235
 0.17350     0.10057
 0.16624     0.09869
 0.15897     0.09672
 0.15164     0.09467
 0.14423     0.09252
 0.13672     0.09027
 0.12910     0.08788
 0.12140     0.08535
 0.11367     0.08268
 0.10602     0.07988
 0.09854     0.07697
 0.09136     0.07401
 0.08457     0.07103
 0.07825     0.06808
 0.07241     0.06520
 0.06705     0.06240
 0.06214     0.05971
 0.05765     0.05712
 0.05353     0.05462
 0.04974     0.05223
 0.04625     0.04994
 0.04302     0.04772
 0.04002     0.04559
 0.03724     0.04352
 0.03465     0.04152
 0.03223     0.03957
 0.02996     0.03766
 0.02783     0.03580
 0.02583     0.03398
 0.02394     0.03219
 0.02216     0.03042
 0.02046     0.02868
 0.01885     0.02697
 0.01732     0.02528
 0.01586     0.02362
 0.01448     0.02200
 0.01316     0.02041
 0.01191     0.01886
 0.01072     0.01735
 0.00960     0.01589
 0.00856     0.01448
 0.00759     0.01310
 0.00669     0.01177
 0.00585     0.01047
 0.00508     0.00921
 0.00437     0.00798
 0.00372     0.00678
 0.00313     0.00560
 0.00259     0.00445
 0.00210     0.00331
 0.00166     0.00220
 0.00128     0.00110
 0.00094     0.00002
 0.00066    -0.00105
 0.00042    -0.00211
 0.00023    -0.00317
 0.00009    -0.00421
-0.00000    -0.00525
-0.00005    -0.00628
-0.00004    -0.00731
 0.00003    -0.00834
 0.00014    -0.00937
 0.00031    -0.01040
 0.00053    -0.01144
 0.00080    -0.01248
 0.00112    -0.01352
 0.00149    -0.01457
 0.00192    -0.01562
 0.00239    -0.01668
 0.00292    -0.01774
 0.00351    -0.01881
 0.00415    -0.01988
 0.00484    -0.02096
 0.00560    -0.02205
 0.00642    -0.02314
 0.00730    -0.02423
 0.00825    -0.02532
 0.00926    -0.02640
 0.01035    -0.02748
 0.01151    -0.02855
 0.01274    -0.02960
 0.01405    -0.03062
 0.01543    -0.03162
 0.01689    -0.03258
 0.01843    -0.03352
 0.02005    -0.03442
 0.02175    -0.03530
 0.02354    -0.03615
 0.02542    -0.03698
 0.02740    -0.03779
 0.02949    -0.03858
 0.03169    -0.03936
 0.03402    -0.04011
 0.03650    -0.04085
 0.03913    -0.04157
 0.04195    -0.04228
 0.04497    -0.04297
 0.04821    -0.04365
 0.05172    -0.04432
 0.05553    -0.04499
 0.05969    -0.04564
 0.06425    -0.04627
 0.06928    -0.04687
 0.07486    -0.04743
 0.08106    -0.04792
 0.08791    -0.04834
 0.09543    -0.04864
 0.10350    -0.04881
 0.11198    -0.04885
 0.12063    -0.04877
 0.12927    -0.04860
 0.13781    -0.04837
 0.14621    -0.04812
 0.15452    -0.04786
 0.16283    -0.04761
 0.17125    -0.04735
 0.17983    -0.04709
 0.18863    -0.04680
 0.19769    -0.04648
 0.20700    -0.04613
 0.21653    -0.04574
 0.22624    -0.04531
 0.23607    -0.04485
 0.24599    -0.04437
 0.25595    -0.04387
 0.26593    -0.04336
 0.27589    -0.04285
 0.28583    -0.04233
 0.29575    -0.04182
 0.30564    -0.04131
 0.31552    -0.04082
 0.32540    -0.04034
 0.33528    -0.03986
 0.34519    -0.03938
 0.35511    -0.03891
 0.36506    -0.03844
 0.37504    -0.03797
 0.38505    -0.03750
 0.39509    -0.03703
 0.40515    -0.03656
 0.41523    -0.03608
 0.42533    -0.03560
 0.43543    -0.03511
 0.44555    -0.03463
 0.45566    -0.03414
 0.46578    -0.03365
 0.47589    -0.03316
 0.48600    -0.03268
 0.49611    -0.03219
 0.50622    -0.03170
 0.51632    -0.03121
 0.52643    -0.03073
 0.53653    -0.03024
 0.54663    -0.02976
 0.55674    -0.02927
 0.56684    -0.02879
 0.57695    -0.02830
 0.58706    -0.02782
 0.59718    -0.02734
 0.60730    -0.02685
 0.61742    -0.02636
 0.62754    -0.02588
 0.63765    -0.02539
 0.64776    -0.02491
 0.65787    -0.02442
 0.66798    -0.02394
 0.67809    -0.02345
 0.68820    -0.02297
 0.69832    -0.02248
 0.70843    -0.02200
 0.71853    -0.02151
 0.72860    -0.02103
 0.73866    -0.02054
 0.74871    -0.02006
 0.75874    -0.01958
 0.76876    -0.01910
 0.77878    -0.01862
 0.78880    -0.01814
 0.79885    -0.01766
 0.80891    -0.01717
 0.81902    -0.01669
 0.82912    -0.01620
 0.83920    -0.01572
 0.84928    -0.01523
 0.85938    -0.01475
 0.86946    -0.01427
 0.87942    -0.01379
 0.88923    -0.01332
 0.89882    -0.01286
 0.90815    -0.01241
 0.91718    -0.01198
 0.92590    -0.01156
 0.93428    -0.01115
 0.94234    -0.01077
 0.95007    -0.01040
 0.95749    -0.01004
 0.96460    -0.00970
 0.97143    -0.00937
 0.97799    -0.00906
 0.98430    -0.00875
 0.99037    -0.00846
 0.99622    -0.00818
 1.00000    -0.00000
