NACA4412
 1.00000     0.00000
 0.99673     0.00091
 0.99139     0.00238
 0.98554     0.00398
 0.97918     0.00570
 0.97237     0.00753
 0.96516     0.00944
 0.95763     0.01142
 0.94985     0.01344
 0.94191     0.01548
 0.93383     0.01752
 0.92565     0.01956
 0.91742     0.02160
 0.90913     0.02361
 0.90081     0.02560
 0.89246     0.02758
 0.88410     0.02954
 0.87571     0.03146
 0.86730     0.03336
 0.85890     0.03524
 0.85047     0.03709
 0.84205     0.03892
 0.83362     0.04071
 0.82517     0.04248
 0.81673     0.04423
 0.80827     0.04594
 0.79980     0.04764
 0.79133     0.04930
 0.78284     0.05094
 0.77435     0.05256
 0.76587     0.05415
 0.75738     0.05571
 0.74887     0.05724
 0.74036     0.05876
 0.73188     0.06024
 0.72337     0.06170
 0.71486     0.06314
 0.70634     0.06456
 0.69780     0.06595
 0.68924     0.06733
 0.68070     0.06868
 0.67215     0.06999
 0.66359     0.07130
 0.65505     0.07257
 0.64651     0.07381
 0.63796     0.07503
 0.62944     0.07622
 0.62090     0.07737
 0.61236     0.07851
 0.60384     0.07961
 0.59530     0.08067
 0.58677     0.08172
 0.57823     0.08272
 0.56969     0.08371
 0.56115     0.08465
 0.55261     0.08558
 0.54406     0.08646
 0.53551     0.08733
 0.52696     0.08815
 0.51841     0.08896
 0.50986     0.08973
 0.50132     0.09048
 0.49277     0.09119
 0.48423     0.09188
 0.47572     0.09253
 0.46721     0.09314
 0.45871     0.09372
 0.45023     0.09427
 0.44177     0.09478
 0.43332     0.09524
 0.42489     0.09567
 0.41648     0.09605
 0.40808     0.09639
 0.39970     0.09669
 0.39134     0.09694
 0.38300     0.09715
 0.37469     0.09729
 0.36637     0.09740
 0.35809     0.09746
 0.34984     0.09746
 0.34160     0.09740
 0.33337     0.09729
 0.32516     0.09713
 0.31699     0.09691
 0.30882     0.09664
 0.30069     0.09629
 0.29255     0.09590
 0.28447     0.09544
 0.27638     0.09491
 0.26830     0.09433
 0.26026     0.09368
 0.25224     0.09296
 0.24422     0.09219
 0.23624     0.09135
 0.22828     0.09044
 0.22033     0.08946
 0.21241     0.08842
 0.20452     0.08731
 0.19667     0.08614
 0.18887     0.08490
 0.18111     0.08359
 0.17339     0.08222
 0.16574     0.08077
 0.15814     0.07925
 0.15060     0.07765
 0.14311     0.07598
 0.13570     0.07424
 0.12834     0.07241
 0.12106     0.07051
 0.11387     0.06854
 0.10678     0.06653
 0.09985     0.06446
 0.09307     0.06235
 0.08650     0.06021
 0.08018     0.05805
 0.07410     0.05586
 0.06830     0.05365
 0.06278     0.05144
 0.05755     0.04924
 0.05265     0.04707
 0.04807     0.04497
 0.04382     0.04291
 0.03989     0.04093
 0.03628     0.03903
 0.03296     0.03719
 0.02990     0.03543
 0.02711     0.03374
 0.02453     0.03211
 0.02218     0.03055
 0.02001     0.02904
 0.01803     0.02756
 0.01622     0.02610
 0.01454     0.02468
 0.01300     0.02330
 0.01159     0.02195
 0.01027     0.02063
 0.00906     0.01934
 0.00795     0.01808
 0.00691     0.01686
 0.00597     0.01565
 0.00511     0.01447
 0.00431     0.01332
 0.00359     0.01218
 0.00293     0.01107
 0.00234     0.00997
 0.00182     0.00889
 0.00136     0.00782
 0.00097     0.00677
 0.00065     0.00573
 0.00038     0.00471
 0.00019     0.00371
 0.00007     0.00273
 0.00000     0.00176
 0.00001     0.00081
 0.00009    -0.00016
 0.00025    -0.00113
 0.00049    -0.00212
 0.00082    -0.00310
 0.00123    -0.00408
 0.00172    -0.00506
 0.00229    -0.00603
 0.00294    -0.00699
 0.00366    -0.00795
 0.00445    -0.00889
 0.00533    -0.00983
 0.00627    -0.01076
 0.00730    -0.01168
 0.00840    -0.01259
 0.00958    -0.01349
 0.01085    -0.01438
 0.01221    -0.01526
 0.01367    -0.01612
 0.01525    -0.01694
 0.01693    -0.01775
 0.01874    -0.01853
 0.02069    -0.01928
 0.02279    -0.02001
 0.02505    -0.02072
 0.02748    -0.02145
 0.03010    -0.02216
 0.03292    -0.02288
 0.03598    -0.02359
 0.03929    -0.02430
 0.04287    -0.02498
 0.04675    -0.02565
 0.05095    -0.02629
 0.05551    -0.02690
 0.06042    -0.02746
 0.06573    -0.02796
 0.07145    -0.02842
 0.07756    -0.02885
 0.08405    -0.02922
 0.09088    -0.02955
 0.09799    -0.02982
 0.10536    -0.03003
 0.11293    -0.03018
 0.12069    -0.03026
 0.12862    -0.03028
 0.13668    -0.03025
 0.14485    -0.03017
 0.15313    -0.03004
 0.16148    -0.02989
 0.16987    -0.02969
 0.17832    -0.02946
 0.18679    -0.02920
 0.19530    -0.02889
 0.20385    -0.02854
 0.21244    -0.02816
 0.22108    -0.02775
 0.22977    -0.02733
 0.23849    -0.02689
 0.24725    -0.02644
 0.25603    -0.02601
 0.26484    -0.02557
 0.27367    -0.02515
 0.28253    -0.02473
 0.29140    -0.02431
 0.30028    -0.02389
 0.30913    -0.02347
 0.31796    -0.02305
 0.32674    -0.02264
 0.33550    -0.02223
 0.34425    -0.02182
 0.35300    -0.02141
 0.36172    -0.02100
 0.37039    -0.02061
 0.37903    -0.02022
 0.38764    -0.01983
 0.39626    -0.01946
 0.40487    -0.01909
 0.41349    -0.01874
 0.42213    -0.01837
 0.43082    -0.01803
 0.43956    -0.01768
 0.44831    -0.01733
 0.45706    -0.01699
 0.46582    -0.01664
 0.47461    -0.01630
 0.48343    -0.01596
 0.49225    -0.01561
 0.50108    -0.01526
 0.50989    -0.01491
 0.51867    -0.01455
 0.52744    -0.01420
 0.53622    -0.01385
 0.54501    -0.01349
 0.55378    -0.01314
 0.56254    -0.01278
 0.57131    -0.01243
 0.58011    -0.01208
 0.58893    -0.01173
 0.59777    -0.01139
 0.60662    -0.01105
 0.61546    -0.01071
 0.62430    -0.01038
 0.63312    -0.01006
 0.64194    -0.00974
 0.65076    -0.00943
 0.65958    -0.00912
 0.66840    -0.00882
 0.67721    -0.00853
 0.68602    -0.00824
 0.69480    -0.00796
 0.70357    -0.00769
 0.71232    -0.00742
 0.72108    -0.00717
 0.72986    -0.00692
 0.73866    -0.00668
 0.74746    -0.00644
 0.75626    -0.00622
 0.76505    -0.00600
 0.77380    -0.00578
 0.78252    -0.00559
 0.79124    -0.00539
 0.80000    -0.00520
 0.80880    -0.00502
 0.81762    -0.00485
 0.82644    -0.00468
 0.83528    -0.00452
 0.84412    -0.00436
 0.85296    -0.00421
 0.86181    -0.00407
 0.87065    -0.00393
 0.87947    -0.00379
 0.88824    -0.00366
 0.89696    -0.00354
 0.90564    -0.00342
 0.91427    -0.00331
 0.92288    -0.00320
 0.93142    -0.00309
 0.93984    -0.00300
 0.94811    -0.00291
 0.95616    -0.00285
 0.96393    -0.00278
 0.97137    -0.00273
 0.97841    -0.00269
 0.98500    -0.00265
 0.99106    -0.00263
 0.99660    -0.00261
 1.00000    -0.00260
