1.0 0.183762 0.03123395 0.06064704
2.0 0.3101973 0.04472873 0.1103699
3.0 0.3781646 0.05331321 0.1357691
4.0 0.4305073 0.05872369 0.15653
5.0 0.472798 0.06403386 0.1723651
6.0 0.506343 0.07005535 0.1831162
7.0 0.5336405 0.07621409 0.1906062
8.0 0.5553885 0.0810383 0.196656
9.0 0.5731725 0.08399301 0.2025933
10.0 0.5881284 0.08522616 0.208838
11.0 0.6008965 0.08525715 0.2151911
12.0 0.6117826 0.08481261 0.2210787
13.0 0.6210233 0.08446854 0.2260431
14.0 0.6288581 0.08452552 0.2299035
15.0 0.6354949 0.08507364 0.2326738
16.0 0.6412046 0.08600268 0.2345996
17.0 0.6462752 0.08712455 0.2360131
18.0 0.65093 0.08827373 0.2371913
19.0 0.6553768 0.08929469 0.2383937
20.0 0.6597441 0.09012736 0.2397447
21.0 0.6640662 0.09078025 0.2412528
22.0 0.6683388 0.09130227 0.2428671
23.0 0.6725172 0.09176293 0.2444957
24.0 0.6765282 0.0922359 0.2460282
25.0 0.6803086 0.09277243 0.2473819
26.0 0.6838002 0.09340235 0.2484977
27.0 0.6869718 0.09412892 0.249357
28.0 0.6898098 0.09493605 0.2499688
29.0 0.6922774 0.0957888 0.2503499
30.0 0.6945484 0.09666004 0.2506142
31.0 0.6964561 0.09751072 0.2507173
32.0 0.6981972 0.09830947 0.2507891
33.0 0.6997499 0.09903865 0.2508363
34.0 0.7011606 0.09968187 0.2508984
35.0 0.7024643 0.1002368 0.2509953
36.0 0.7036897 0.1007048 0.25114
37.0 0.7048582 0.101098 0.2513311
38.0 0.7059803 0.1014289 0.2515612
39.0 0.7070665 0.1017131 0.2518202
40.0 0.7081176 0.1019637 0.2520951
41.0 0.7091313 0.1021954 0.2523702
42.0 0.7101046 0.1024177 0.2526346
43.0 0.7110331 0.1026382 0.2528783
44.0 0.7119104 0.1028616 0.2530936
45.0 0.7127348 0.1030899 0.2532775
46.0 0.7134988 0.1033234 0.253426
47.0 0.7142058 0.1035592 0.2535437
48.0 0.7148541 0.1037949 0.2536321
49.0 0.7154434 0.1040272 0.2536945
50.0 0.7159784 0.1042519 0.2537373
51.0 0.7164624 0.1044655 0.2537657
52.0 0.7168981 0.104666 0.2537831
53.0 0.7172928 0.1048494 0.253797
54.0 0.7176463 0.1050173 0.2538058
55.0 0.717966 0.1051662 0.2538168
56.0 0.7182562 0.1052989 0.2538292
57.0 0.7185208 0.1054139 0.2538464
58.0 0.7187611 0.1055158 0.2538648
59.0 0.7189827 0.1056034 0.253888
60.0 0.719184 0.1056825 0.2539095
61.0 0.7193709 0.10575 0.2539354
62.0 0.7195414 0.1058137 0.253957
63.0 0.7196973 0.1058703 0.2539783
64.0 0.7198398 0.105926 0.2539939
65.0 0.7199713 0.1059766 0.254009
66.0 0.7200887 0.1060291 0.2540152
67.0 0.7201972 0.1060777 0.2540209
68.0 0.7202942 0.1061294 0.2540177
69.0 0.7203821 0.1061779 0.2540132
70.0 0.7204614 0.1062292 0.2540015
71.0 0.7205346 0.1062767 0.2539906
72.0 0.7205986 0.1063277 0.2539717
73.0 0.7206581 0.1063728 0.2539562
74.0 0.7207113 0.1064223 0.2539333
75.0 0.7207602 0.1064669 0.2539132
76.0 0.7208051 0.1065151 0.2538874
77.0 0.720847 0.1065583 0.2538652
78.0 0.7208819 0.1066058 0.2538352
79.0 0.7209175 0.106646 0.2538128
80.0 0.7209467 0.1066907 0.2537826
81.0 0.7209746 0.1067283 0.253759
82.0 0.7210003 0.1067686 0.2537315
83.0 0.721025 0.1068018 0.2537107
84.0 0.7210447 0.1068387 0.2536836
85.0 0.7210641 0.1068645 0.2536676
86.0 0.7210839 0.1068984 0.2536435
87.0 0.7210989 0.1069212 0.2536282
88.0 0.7211181 0.1069506 0.2536085
89.0 0.7211307 0.10697 0.2535954
90.0 0.7211439 0.1069967 0.2535753
91.0 0.7211557 0.1070124 0.2535655
92.0 0.7211662 0.1070354 0.2535477
93.0 0.7211742 0.1070486 0.2535385
94.0 0.7211834 0.1070676 0.2535241
95.0 0.7211882 0.107078 0.2535161
96.0 0.7211931 0.1070928 0.2535037
97.0 0.7212001 0.1071012 0.2534989
98.0 0.7212022 0.1071125 0.2534886
99.0 0.7212062 0.1071176 0.2534854
100.0 0.7212098 0.1071268 0.2534781
101.0 0.7212139 0.1071292 0.2534777
102.0 0.721216 0.1071366 0.2534714
103.0 0.7212203 0.1071376 0.2534726
104.0 0.7212227 0.1071432 0.2534682
105.0 0.7212267 0.1071429 0.2534705
106.0 0.7212306 0.1071469 0.2534684
107.0 0.7212351 0.1071455 0.2534721
108.0 0.721238 0.1071494 0.2534696
109.0 0.7212432 0.1071472 0.2534744
110.0 0.7212456 0.1071505 0.2534723
111.0 0.7212498 0.107148 0.2534769
112.0 0.7212541 0.1071502 0.2534768
113.0 0.7212595 0.1071472 0.2534826
114.0 0.7212626 0.1071495 0.2534818
115.0 0.7212697 0.1071455 0.2534894
116.0 0.7212748 0.1071473 0.2534901
117.0 0.7212803 0.1071438 0.2534963
118.0 0.7212869 0.1071447 0.2534987
119.0 0.7212939 0.107141 0.2535059
120.0 0.7212977 0.107143 0.2535059
121.0 0.7213048 0.1071389 0.2535135
122.0 0.7213097 0.1071407 0.2535142
123.0 0.721314 0.1071375 0.2535195
124.0 0.721318 0.1071393 0.2535197
125.0 0.7213228 0.1071361 0.2535253
126.0 0.7213231 0.1071389 0.2535227
127.0 0.7213258 0.1071358 0.2535271
128.0 0.7213267 0.1071386 0.2535247
129.0 0.7213249 0.1071366 0.2535258
130.0 0.7213228 0.1071394 0.253522
131.0 0.7213208 0.1071372 0.2535232
132.0 0.7213138 0.1071409 0.253516
133.0 0.7213088 0.1071385 0.253516
134.0 0.7213015 0.1071418 0.253509
135.0 0.7212922 0.1071399 0.2535063
136.0 0.7212835 0.1071425 0.2534993
137.0 0.7212742 0.1071398 0.2534973
138.0 0.7212625 0.1071427 0.2534885
139.0 0.721253 0.1071392 0.2534873
140.0 0.7212451 0.1071409 0.2534817
141.0 0.7212341 0.1071377 0.2534794
142.0 0.7212268 0.1071388 0.2534746
143.0 0.7212206 0.1071349 0.2534754
144.0 0.7212113 0.1071368 0.2534689
145.0 0.7212059 0.1071328 0.2534701
146.0 0.7211998 0.1071346 0.2534653
147.0 0.7211929 0.1071315 0.253465
148.0 0.7211877 0.107133 0.2534608
149.0 0.7211843 0.1071298 0.2534623
150.0 0.721176 0.1071329 0.2534551
151.0 0.7211716 0.1071301 0.2534557
152.0 0.7211668 0.1071329 0.2534504
153.0 0.72116 0.1071313 0.2534487
154.0 0.7211528 0.1071346 0.2534418
155.0 0.7211477 0.1071328 0.253441
156.0 0.7211389 0.1071368 0.2534326
157.0 0.7211332 0.1071345 0.2534321
158.0 0.7211262 0.1071376 0.2534255
159.0 0.7211174 0.1071361 0.2534226
160.0 0.7211113 0.1071386 0.2534171
161.0 0.7211072 0.1071358 0.2534178
162.0 0.7210992 0.1071389 0.2534107
163.0 0.7210947 0.107136 0.2534114
164.0 0.7210907 0.1071382 0.2534071
165.0 0.7210863 0.1071361 0.253407
166.0 0.7210812 0.1071387 0.253402
167.0 0.7210792 0.1071363 0.2534033
168.0 0.7210745 0.1071397 0.2533976
169.0 0.7210713 0.1071378 0.2533979
170.0 0.7210687 0.1071407 0.2533937
171.0 0.7210663 0.1071395 0.2533937
172.0 0.7210634 0.1071424 0.2533893
173.0 0.721064 0.1071403 0.2533918
174.0 0.7210611 0.1071436 0.253387
175.0 0.7210608 0.1071416 0.2533888
176.0 0.7210617 0.1071438 0.253387
177.0 0.7210626 0.1071417 0.2533896
178.0 0.7210629 0.1071438 0.2533876
179.0 0.7210671 0.1071411 0.2533925
180.0 0.7210697 0.1071428 0.253392
181.0 0.721074 0.1071399 0.2533972
182.0 0.7210797 0.1071407 0.2533991
183.0 0.7210858 0.1071379 0.253405
184.0 0.7210922 0.1071388 0.2534073
185.0 0.7211021 0.1071351 0.2534159
186.0 0.7211104 0.1071362 0.253419
187.0 0.7211189 0.107133 0.2534264
188.0 0.7211308 0.1071334 0.253432
189.0 0.7211411 0.1071307 0.2534398
190.0 0.7211506 0.1071316 0.2534437
191.0 0.7211637 0.1071281 0.2534537
192.0 0.7211737 0.1071296 0.2534572
193.0 0.7211841 0.1071272 0.2534648
194.0 0.7211942 0.1071288 0.2534683
195.0 0.7212037 0.1071274 0.2534745
196.0 0.721212 0.1071294 0.2534766
197.0 0.7212209 0.1071279 0.2534826
198.0 0.721227 0.1071311 0.2534824
199.0 0.7212329 0.1071305 0.2534859
200.0 0.7212377 0.1071335 0.2534853
