1 8.123660e-02 8.393440e-02 9.251870e-02 9.267260e-03
2 2.106390e-02 4.152840e-02 2.342870e-02 1.553700e-03
3 1.111950e-02 3.741170e-02 1.361450e-02 6.199360e-04
4 7.990370e-03 2.873460e-02 1.130470e-02 4.140440e-04
5 6.470500e-03 2.264270e-02 9.802560e-03 3.239380e-04
6 5.679270e-03 1.883870e-02 8.848180e-03 2.805750e-04
7 4.958780e-03 1.636190e-02 8.090560e-03 2.629990e-04
8 4.465310e-03 1.428540e-02 7.624390e-03 2.539040e-04
9 4.202700e-03 9.708220e-03 7.191240e-03 2.390290e-04
10 4.029170e-03 8.525230e-03 6.720230e-03 2.168970e-04
11 3.956640e-03 7.520540e-03 6.244080e-03 1.928440e-04
12 3.908230e-03 6.694870e-03 5.854300e-03 1.715080e-04
13 3.832590e-03 6.016600e-03 5.495400e-03 1.538120e-04
14 2.941050e-03 5.445910e-03 5.093760e-03 1.389890e-04
15 2.860300e-03 4.952480e-03 4.731420e-03 1.262440e-04
16 2.779270e-03 4.534540e-03 4.387980e-03 1.156340e-04
17 2.697230e-03 4.177830e-03 4.059500e-03 1.063710e-04
18 2.613730e-03 3.868240e-03 3.768940e-03 9.808540e-05
19 2.525660e-03 3.597410e-03 3.514290e-03 9.067100e-05
20 2.433380e-03 3.366730e-03 3.269700e-03 8.398690e-05
21 2.339000e-03 3.168820e-03 3.035800e-03 7.768540e-05
22 2.247960e-03 2.994380e-03 2.808410e-03 7.156470e-05
23 2.759010e-03 2.840130e-03 2.592940e-03 6.605720e-05
24 2.658710e-03 2.703970e-03 2.393850e-03 6.094580e-05
25 2.561420e-03 2.573860e-03 2.209410e-03 5.652340e-05
26 2.466150e-03 2.449890e-03 2.047740e-03 5.257010e-05
27 2.373230e-03 2.332010e-03 1.899160e-03 4.888510e-05
28 2.284950e-03 2.218240e-03 1.761090e-03 4.530490e-05
29 2.200910e-03 2.108280e-03 1.630490e-03 4.174280e-05
30 2.116300e-03 2.001030e-03 1.507150e-03 3.809810e-05
31 2.028360e-03 1.896510e-03 1.392500e-03 3.474280e-05
32 1.934900e-03 1.795510e-03 1.286180e-03 3.168850e-05
33 1.837620e-03 1.698590e-03 1.188290e-03 5.783750e-05
34 1.738060e-03 1.605380e-03 1.098800e-03 5.396570e-05
35 1.638550e-03 1.516940e-03 1.018700e-03 4.919160e-05
36 1.541450e-03 1.431130e-03 9.463250e-04 4.557600e-05
37 1.449420e-03 1.346920e-03 8.812040e-04 4.268080e-05
38 1.364940e-03 1.264750e-03 8.222580e-04 4.016640e-05
39 1.290690e-03 1.185010e-03 7.675410e-04 3.772780e-05
40 1.227210e-03 1.108690e-03 7.159340e-04 3.525920e-05
41 1.172230e-03 1.036410e-03 6.671830e-04 3.280890e-05
42 1.121900e-03 9.694500e-04 6.211230e-04 3.036470e-05
43 1.073370e-03 9.077950e-04 5.776130e-04 2.791910e-05
44 1.023820e-03 8.507900e-04 5.367650e-04 2.553160e-05
45 9.717750e-04 7.965230e-04 4.984860e-04 2.327790e-05
46 9.172480e-04 7.443770e-04 4.619460e-04 2.110610e-05
47 8.608440e-04 6.930010e-04 4.267960e-04 1.894260e-05
48 8.028990e-04 6.421250e-04 3.927430e-04 1.699810e-05
49 7.440920e-04 5.916920e-04 3.599820e-04 1.555060e-05
50 6.855210e-04 5.428120e-04 3.286890e-04 1.437540e-05
51 6.284700e-04 4.965500e-04 2.996270e-04 1.335100e-05
52 5.739470e-04 4.540140e-04 2.734780e-04 1.246830e-05
53 5.228000e-04 4.157490e-04 2.505570e-04 1.168400e-05
54 4.749680e-04 3.821000e-04 2.307290e-04 1.099590e-05
55 4.309120e-04 3.526200e-04 2.136400e-04 1.028350e-05
56 3.908720e-04 3.266840e-04 1.986180e-04 9.592490e-06
57 3.551620e-04 3.030030e-04 1.851090e-04 8.930990e-06
58 3.235940e-04 2.811820e-04 1.726350e-04 8.283560e-06
59 2.960700e-04 2.609520e-04 1.611100e-04 7.614500e-06
60 2.720310e-04 2.421890e-04 1.504650e-04 6.983070e-06
61 2.508000e-04 2.248350e-04 1.406410e-04 6.366530e-06
62 2.317310e-04 2.089320e-04 1.315610e-04 5.827590e-06
63 2.142890e-04 1.943170e-04 1.231250e-04 5.357130e-06
64 1.982310e-04 1.809060e-04 1.152030e-04 5.006720e-06
65 1.833390e-04 1.685370e-04 1.076480e-04 4.747720e-06
66 1.694870e-04 1.570850e-04 1.003890e-04 4.572740e-06
67 1.565540e-04 1.464040e-04 9.339380e-05 4.340550e-06
68 1.446550e-04 1.365120e-04 8.670490e-05 4.107810e-06
69 1.336620e-04 1.273100e-04 8.037230e-05 3.865970e-06
70 1.235640e-04 1.187710e-04 7.445240e-05 3.622010e-06
71 1.144410e-04 1.108830e-04 6.901060e-05 3.400400e-06
72 1.061120e-04 1.035770e-04 6.401770e-05 3.180940e-06
73 9.840970e-05 9.677520e-05 5.945600e-05 2.995760e-06
74 9.151120e-05 9.043820e-05 5.534400e-05 2.888990e-06
75 8.517430e-05 8.447980e-05 5.165420e-05 2.783310e-06
76 7.930140e-05 7.890420e-05 4.829120e-05 2.642860e-06
77 7.386460e-05 7.367940e-05 4.524530e-05 2.596090e-06
78 6.886890e-05 6.877170e-05 4.242460e-05 2.493350e-06
79 6.416280e-05 6.414210e-05 3.981900e-05 2.367430e-06
80 5.975460e-05 5.975280e-05 3.735700e-05 2.290930e-06
81 5.572380e-05 5.561960e-05 3.505770e-05 2.178140e-06
82 5.187370e-05 5.170320e-05 3.284440e-05 2.038550e-06
83 4.830030e-05 4.806180e-05 3.080430e-05 1.977210e-06
84 4.496260e-05 4.465890e-05 3.774630e-05 1.858470e-06
85 4.194460e-05 4.136590e-05 3.544670e-05 2.868360e-06
86 3.908710e-05 3.842270e-05 3.327280e-05 1.930800e-06
87 3.658640e-05 3.579290e-05 3.153010e-05 2.627090e-06
88 3.427340e-05 3.335220e-05 2.969530e-05 1.749910e-06
89 3.221180e-05 3.119340e-05 2.827110e-05 1.497330e-06
90 3.035900e-05 2.921270e-05 2.690090e-05 1.445040e-06
91 2.872720e-05 2.743180e-05 2.567150e-05 1.399880e-06
92 2.720320e-05 2.582390e-05 2.458950e-05 1.389920e-06
93 2.586310e-05 2.439370e-05 2.360970e-05 1.343790e-06
94 2.464420e-05 2.307910e-05 2.271400e-05 1.305810e-06
95 2.347520e-05 2.189680e-05 2.190780e-05 1.265150e-06
96 2.944270e-05 2.082930e-05 2.114610e-05 1.244490e-06
97 2.817590e-05 1.983340e-05 2.041990e-05 1.204400e-06
98 2.699260e-05 1.889190e-05 1.973670e-05 1.185310e-06
99 2.592960e-05 1.802260e-05 1.905990e-05 1.154120e-06
100 2.488000e-05 1.715600e-05 1.836940e-05 1.131010e-06
101 2.382640e-05 1.634640e-05 1.766880e-05 1.070380e-06
102 2.288120e-05 1.556220e-05 1.699780e-05 1.052650e-06
103 2.194910e-05 1.478680e-05 1.628980e-05 1.566550e-06
104 2.105720e-05 1.404730e-05 1.560180e-05 1.056190e-06
105 2.022420e-05 1.342690e-05 1.503380e-05 1.413500e-06
106 1.939780e-05 1.277260e-05 1.434860e-05 1.460980e-06
107 1.860300e-05 1.221640e-05 1.377260e-05 1.396360e-06
108 1.788710e-05 1.172570e-05 1.324450e-05 1.360090e-06
109 1.725470e-05 1.475870e-05 1.272580e-05 1.311300e-06
110 1.666360e-05 1.429340e-05 1.224720e-05 1.292730e-06
111 1.612720e-05 1.386970e-05 1.182440e-05 1.261170e-06
112 1.565760e-05 1.343730e-05 1.140470e-05 1.261010e-06
113 1.519040e-05 1.301650e-05 1.104210e-05 1.253760e-06
114 1.477360e-05 1.264450e-05 1.070340e-05 7.854930e-07
115 1.443800e-05 1.232110e-05 1.043320e-05 1.175670e-06
116 1.405320e-05 1.200050e-05 1.010340e-05 7.648770e-07
117 1.378040e-05 1.177610e-05 9.930660e-06 7.227330e-07
118 1.352980e-05 1.157470e-05 9.734810e-06 7.276880e-07
119 1.328900e-05 1.141460e-05 9.591560e-06 7.140630e-07
120 1.311320e-05 1.131570e-05 9.514590e-06 7.096570e-07
121 1.297430e-05 1.126760e-05 9.463280e-06 7.154340e-07
122 1.281020e-05 1.122950e-05 9.394700e-06 6.868250e-07
123 1.265700e-05 1.119850e-05 9.381910e-06 6.803650e-07
124 1.254460e-05 8.546950e-06 9.298190e-06 6.759260e-07
125 1.233900e-05 8.455000e-06 9.210870e-06 6.493710e-07
126 1.218020e-05 1.089670e-05 9.110490e-06 6.222030e-07
127 1.203060e-05 8.294920e-06 8.962020e-06 6.111220e-07
128 1.181250e-05 1.067500e-05 8.781950e-06 9.365920e-07
129 1.158930e-05 8.077240e-06 8.559570e-06 9.703100e-07
130 1.142250e-05 1.033060e-05 8.336380e-06 9.422900e-07
131 1.124270e-05 7.796630e-06 8.133490e-06 9.030600e-07
132 1.111750e-05 9.982480e-06 7.998890e-06 8.881310e-07
133 1.101470e-05 9.811130e-06 7.835840e-06 9.301600e-07
134 1.094320e-05 9.653300e-06 7.714640e-06 5.854850e-07
135 1.097080e-05 9.566430e-06 7.755170e-06 6.030890e-07
136 1.108370e-05 9.448430e-06 7.771950e-06 6.212540e-07
137 1.111720e-05 9.402030e-06 7.852900e-06 6.319860e-07
138 1.116330e-05 9.380230e-06 7.912230e-06 6.713760e-07
139 1.122800e-05 9.377500e-06 8.006090e-06 6.740810e-07
140 1.121990e-05 9.363650e-06 8.063330e-06 6.672220e-07
141 1.119890e-05 9.391160e-06 8.123390e-06 6.718480e-07
142 1.119220e-05 9.369230e-06 8.126840e-06 6.726310e-07
143 1.112960e-05 9.361690e-06 8.129150e-06 6.553430e-07
144 1.106470e-05 9.353670e-06 8.113520e-06 6.531130e-07
145 1.096460e-05 9.328420e-06 8.051190e-06 6.370050e-07
146 1.079670e-05 9.278250e-06 7.984810e-06 6.128140e-07
147 1.061380e-05 9.246980e-06 7.933420e-06 6.024810e-07
148 1.049640e-05 9.192650e-06 7.866530e-06 9.695580e-07
149 1.028310e-05 9.080730e-06 7.740690e-06 6.144460e-07
150 1.013910e-05 9.047730e-06 7.695180e-06 9.227440e-07
151 1.002450e-05 8.941050e-06 7.591710e-06 9.592800e-07
152 9.857970e-06 8.820250e-06 7.507070e-06 9.161680e-07
153 9.693020e-06 8.747780e-06 7.409550e-06 9.090900e-07
154 9.620050e-06 8.634350e-06 7.312110e-06 8.845770e-07
155 9.432680e-06 8.511960e-06 7.213080e-06 8.407940e-07
156 9.337970e-06 8.426350e-06 7.130300e-06 8.123840e-07
157 9.235360e-06 8.306590e-06 7.045930e-06 8.204130e-07
158 9.079820e-06 8.193250e-06 6.936170e-06 7.730140e-07
159 8.984420e-06 8.103340e-06 6.881720e-06 7.742650e-07
160 8.927430e-06 8.005590e-06 6.776870e-06 7.683630e-07
161 8.793360e-06 7.914240e-06 6.693920e-06 7.322340e-07
162 8.741310e-06 7.850930e-06 6.646990e-06 7.190470e-07
163 8.689650e-06 7.770710e-06 6.594250e-06 7.209990e-07
164 8.590980e-06 7.707760e-06 6.530440e-06 6.556260e-07
165 8.539520e-06 7.660960e-06 6.492300e-06 6.487200e-07
166 8.505120e-06 7.603560e-06 6.418370e-06 6.611650e-07
167 8.398700e-06 7.542410e-06 6.357040e-06 6.247930e-07
168 8.411970e-06 7.514020e-06 6.338420e-06 6.497830e-07
169 8.396160e-06 7.464980e-06 6.274120e-06 6.800980e-07
170 8.342080e-06 7.421150e-06 6.235740e-06 6.868470e-07
171 8.329040e-06 7.401240e-06 6.239620e-06 7.288390e-07
172 8.382020e-06 7.380140e-06 6.204660e-06 7.835990e-07
173 8.357170e-06 7.365280e-06 6.210460e-06 7.953530e-07
174 8.440750e-06 7.410560e-06 6.264370e-06 8.390660e-07
175 8.465440e-06 7.414420e-06 6.288970e-06 5.306870e-07
176 8.489570e-06 7.451470e-06 6.369310e-06 8.219280e-07
177 8.460610e-06 7.454190e-06 6.391480e-06 5.307980e-07
178 8.568190e-06 7.504780e-06 6.455150e-06 5.383700e-07
179 8.580140e-06 7.531870e-06 6.537620e-06 8.686890e-07
180 8.587440e-06 7.552470e-06 6.561610e-06 5.772440e-07
181 8.641090e-06 7.617540e-06 6.677570e-06 5.725520e-07
182 8.694860e-06 7.653410e-06 6.771420e-06 8.984690e-07
183 8.661310e-06 7.677870e-06 6.840350e-06 5.951680e-07
184 8.753460e-06 7.749740e-06 6.948980e-06 5.785320e-07
185 8.742260e-06 7.778410e-06 7.045590e-06 9.004300e-07
186 8.684750e-06 7.771740e-06 7.044060e-06 5.926890e-07
187 8.708550e-06 7.811360e-06 7.124570e-06 9.108900e-07
188 8.618290e-06 7.776700e-06 7.075370e-06 8.978660e-07
189 8.519190e-06 7.773690e-06 7.095650e-06 9.096340e-07
190 8.503140e-06 7.762290e-06 7.057290e-06 9.061240e-07
191 8.393580e-06 7.726230e-06 7.016050e-06 8.408360e-07
192 8.312790e-06 7.682640e-06 6.950730e-06 8.112020e-07
193 8.278560e-06 7.613200e-06 6.867210e-06 7.972860e-07
194 8.146210e-06 7.539260e-06 6.754630e-06 7.360040e-07
195 8.069180e-06 7.488260e-06 6.693790e-06 7.680630e-07
196 8.094920e-06 7.447860e-06 6.613340e-06 7.666370e-07
197 8.045830e-06 7.416580e-06 6.554850e-06 7.954320e-07
198 8.041100e-06 7.398020e-06 6.512020e-06 8.101000e-07
199 8.075880e-06 7.367060e-06 6.472900e-06 8.535380e-07
200 8.085590e-06 7.353070e-06 6.453490e-06 8.230150e-07
