1.0 55.22878 37.10255 -29.06033
2.0 37.61933 25.76502 -19.86625
3.0 -7.342812 -4.979944 3.950018
4.0 -27.02765 -19.03245 14.38763
5.0 -15.09993 -11.30972 8.287888
6.0 6.833439 4.318838 -3.390771
7.0 14.98648 10.87079 -7.993259
8.0 7.386114 5.909231 -4.199146
9.0 -4.161039 -2.818343 2.140586
10.0 -7.482818 -5.893522 4.243607
11.0 -2.909719 -2.864693 2.035937
12.0 3.375817 2.120991 -1.554968
13.0 4.717529 3.579457 -2.565913
14.0 1.880405 1.570039 -1.157364
15.0 -1.493458 -1.241896 0.8647239
16.0 -1.93569 -1.854895 1.309197
17.0 -0.1077936 -0.5006521 0.3587574
18.0 1.61566 0.9770447 -0.7075194
19.0 1.689721 1.170252 -0.8686896
20.0 0.7148733 0.4055555 -0.3591419
21.0 -0.2037846 -0.4197305 0.249747
22.0 -0.180336 -0.4791944 0.319997
23.0 0.411792 0.0002802863 -0.001101552
24.0 0.8742663 0.4211696 -0.3171798
25.0 0.8340221 0.4191697 -0.3390927
26.0 0.5472811 0.1615333 -0.1846323
27.0 0.3179631 -0.07170336 -0.00863878
28.0 0.3516246 -0.06576162 0.008072534
29.0 0.5098667 0.07994755 -0.07275336
30.0 0.6316088 0.2054459 -0.1690928
31.0 0.6191798 0.200377 -0.1848257
32.0 0.5498288 0.1174868 -0.1458785
33.0 0.5060416 0.0540561 -0.09967139
34.0 0.5161619 0.05079441 -0.08197383
35.0 0.5511446 0.08631445 -0.09332954
36.0 0.5778393 0.1239524 -0.1199444
37.0 0.5804434 0.1310735 -0.136623
38.0 0.5707337 0.1161462 -0.1351744
39.0 0.5676283 0.09019249 -0.1214528
40.0 0.5749702 0.08166583 -0.1111297
41.0 0.5854891 0.08708503 -0.1083743
42.0 0.5935132 0.099019 -0.1113861
43.0 0.594222 0.1063889 -0.1177297
44.0 0.5916754 0.1045055 -0.1207215
45.0 0.5927729 0.09800444 -0.1219858
46.0 0.5987527 0.09346378 -0.1204313
47.0 0.6071647 0.09230115 -0.1180238
48.0 0.6168258 0.09352104 -0.1154131
49.0 0.6211455 0.09503274 -0.1146679
50.0 0.6219514 0.0955756 -0.1151553
51.0 0.6217404 0.09514148 -0.1161829
52.0 0.6225502 0.09415781 -0.1172577
53.0 0.6254871 0.09315399 -0.1178177
54.0 0.6302943 0.09252534 -0.1176522
55.0 0.6360984 0.09227984 -0.1169614
56.0 0.6419816 0.09220814 -0.1160952
57.0 0.6468801 0.0920588 -0.1154138
58.0 0.6502125 0.09168694 -0.1151082
59.0 0.6508672 0.09142908 -0.1150946
60.0 0.6536517 0.09067824 -0.1151889
61.0 0.6570028 0.09000126 -0.1152436
62.0 0.6606151 0.0895667 -0.115156
63.0 0.6641183 0.08938149 -0.1148982
64.0 0.6649782 0.08929017 -0.114769
65.0 0.6692687 0.08917914 -0.1141939
66.0 0.6738255 0.08890845 -0.1136932
67.0 0.6750259 0.08869644 -0.113578
68.0 0.6801104 0.0880009 -0.1133201
69.0 0.6845916 0.08734609 -0.1131539
70.0 0.6855809 0.0871444 -0.1130873
71.0 0.6891069 0.08672208 -0.1128404
72.0 0.690314 0.08654185 -0.1126892
73.0 0.6940613 0.08618353 -0.1121783
74.0 0.6971701 0.08583768 -0.1116983
75.0 0.6978997 0.0856782 -0.1115637
76.0 0.6990102 0.0854397 -0.1113655
77.0 0.7037108 0.0847259 -0.1107328
78.0 0.7078638 0.08416216 -0.110288
79.0 0.7087227 0.08401439 -0.1101961
80.0 0.7099075 0.08385641 -0.1100876
81.0 0.7143291 0.08345304 -0.1097626
82.0 0.7178834 0.08306085 -0.1094374
83.0 0.7186614 0.08289327 -0.109307
84.0 0.720737 0.08241881 -0.1088257
85.0 0.7214295 0.08219597 -0.1086058
86.0 0.7236983 0.08159755 -0.1079119
87.0 0.7258849 0.08110131 -0.107359
88.0 0.7265707 0.08094973 -0.1072267
89.0 0.7293946 0.08056011 -0.1068931
90.0 0.7305092 0.08038464 -0.106763
91.0 0.7340923 0.07993076 -0.1064163
92.0 0.7367977 0.07952915 -0.1060893
93.0 0.7373454 0.07938367 -0.1059658
94.0 0.7387215 0.07896857 -0.1055081
95.0 0.739844 0.07854828 -0.1050198
96.0 0.7402907 0.07837225 -0.104836
97.0 0.741927 0.07785755 -0.1042606
98.0 0.7436682 0.07739186 -0.103784
99.0 0.7452216 0.07703783 -0.1034689
100.0 0.7456876 0.0769216 -0.1033888
101.0 0.7475201 0.07658931 -0.1031236
102.0 0.7493043 0.07624863 -0.1028228
103.0 0.7507091 0.07592215 -0.1024988
104.0 0.7516525 0.07560471 -0.102154
105.0 0.7519055 0.0754688 -0.1020188
106.0 0.7526976 0.07500682 -0.1014883
107.0 0.7535372 0.07454519 -0.1009741
108.0 0.7543591 0.07414945 -0.1005574
109.0 0.7551578 0.07383607 -0.1002536
110.0 0.7554525 0.07373183 -0.1001732
111.0 0.7566184 0.07342536 -0.09989543
112.0 0.7578021 0.07310803 -0.09959108
113.0 0.7587539 0.07279864 -0.09927241
114.0 0.7593616 0.07249551 -0.09894069
115.0 0.7594966 0.07237997 -0.09882768
116.0 0.7597907 0.07198026 -0.09836886
117.0 0.7600918 0.07157837 -0.09790947
118.0 0.7604012 0.07122347 -0.09750934
119.0 0.7607256 0.07093268 -0.0971914
120.0 0.7608742 0.07084149 -0.09711162
121.0 0.7614432 0.07056 -0.09682304
122.0 0.7620281 0.0702704 -0.09651994
123.0 0.7624717 0.06999029 -0.09621434
124.0 0.7626944 0.06972204 -0.09590897
125.0 0.7627419 0.06963032 -0.09581844
126.0 0.7627409 0.06929861 -0.09542732
127.0 0.7627368 0.06896055 -0.09502573
128.0 0.7627294 0.06865531 -0.09466131
129.0 0.7627724 0.06855819 -0.09456121
130.0 0.7628433 0.06825938 -0.09421263
131.0 0.7629167 0.06798339 -0.09389461
132.0 0.7629345 0.06774522 -0.09361951
133.0 0.7629577 0.06766984 -0.09354597
134.0 0.7628988 0.06741511 -0.09324306
135.0 0.7628157 0.0671558 -0.09292835
136.0 0.7626891 0.06691276 -0.09262761
137.0 0.762678 0.06683499 -0.09254435
138.0 0.7624844 0.06656291 -0.09220775
139.0 0.7622724 0.06630051 -0.09188397
140.0 0.7622345 0.06621133 -0.09178676
141.0 0.7619402 0.06593868 -0.09144441
142.0 0.7616375 0.06569488 -0.09113506
143.0 0.7615841 0.06562304 -0.09105503
144.0 0.7612534 0.06539275 -0.0907562
145.0 0.7611825 0.06530478 -0.09065444
146.0 0.760828 0.06504653 -0.0903134
147.0 0.7604917 0.06482076 -0.09001477
148.0 0.7604321 0.06476006 -0.08994514
149.0 0.760333 0.06467518 -0.08984578
150.0 0.7598191 0.06439523 -0.08947496
151.0 0.7593483 0.06415739 -0.08915668
152.0 0.7592643 0.06410005 -0.0890876
153.0 0.7591445 0.06402853 -0.08899868
154.0 0.758571 0.06378975 -0.08866295
155.0 0.7580771 0.0635867 -0.0883767
156.0 0.757998 0.06353759 -0.08831584
157.0 0.7578892 0.06347356 -0.08823519
158.0 0.7573635 0.06325462 -0.08792661
159.0 0.7572128 0.06317407 -0.08782131
160.0 0.7566492 0.06295691 -0.08751063
161.0 0.7565238 0.0628976 -0.08743187
162.0 0.7563535 0.06282502 -0.08733371
163.0 0.7556669 0.06260112 -0.08700316
164.0 0.7555058 0.06253571 -0.08691258
165.0 0.755309 0.06246102 -0.08680606
166.0 0.7546269 0.06225229 -0.08648714
167.0 0.7544834 0.06219743 -0.08640883
168.0 0.7543226 0.06213715 -0.08632307
169.0 0.753722 0.06195444 -0.08604697
170.0 0.7535967 0.06190589 -0.08597815
171.0 0.7534436 0.06184939 -0.08589626
172.0 0.7528526 0.0616735 -0.08562411
173.0 0.7527199 0.06162619 -0.08555333
174.0 0.7525574 0.0615715 -0.08546998
175.0 0.7519382 0.06139714 -0.08519376
176.0 0.7518111 0.06135427 -0.08512807
177.0 0.7516641 0.06130605 -0.08505381
178.0 0.7514518 0.0612402 -0.08494982
179.0 0.7507584 0.06105073 -0.0846443
180.0 0.7506204 0.06100774 -0.08457559
181.0 0.7504938 0.060968 -0.08451262
182.0 0.7503284 0.06091724 -0.0844312
183.0 0.7497379 0.0607546 -0.08416777
184.0 0.7496298 0.06071931 -0.08410981
185.0 0.7495226 0.06068394 -0.08405109
186.0 0.7493755 0.06063714 -0.08397158
187.0 0.7488513 0.0604861 -0.08372071
188.0 0.7487504 0.06045321 -0.08366461
189.0 0.7486497 0.06042041 -0.08360941
190.0 0.7485103 0.06037646 -0.08353464
191.0 0.7479872 0.0602241 -0.08328343
192.0 0.7478999 0.0601947 -0.08323159
193.0 0.7478195 0.06016648 -0.08318131
194.0 0.747713 0.0601293 -0.08311382
195.0 0.7472996 0.05999591 -0.08288784
196.0 0.74723 0.05996983 -0.08284022
197.0 0.7471605 0.05994339 -0.08279288
198.0 0.7470632 0.05990717 -0.08272797
199.0 0.74667 0.05976992 -0.08250072
200.0 0.7466153 0.05974661 -0.08245711
201.0 0.7465673 0.05972432 -0.08241493
202.0 0.746503 0.05969412 -0.08235698
203.0 0.7462081 0.05957081 -0.08214696
204.0 0.7461687 0.05954927 -0.08210522
205.0 0.746129 0.05952692 -0.08206325
206.0 0.7460721 0.05949545 -0.08200498
207.0 0.7458093 0.0593669 -0.08179484
208.0 0.745783 0.05934726 -0.08175669
209.0 0.7457623 0.05932865 -0.08172003
210.0 0.7457355 0.05930312 -0.08166931
211.0 0.7455682 0.05918981 -0.08147783
212.0 0.745557 0.05917133 -0.08144036
213.0 0.745546 0.05915161 -0.08140193
214.0 0.7455293 0.05912275 -0.08134746
215.0 0.7454068 0.05899963 -0.08115039
216.0 0.7454082 0.058982 -0.0811157
217.0 0.7454141 0.05896561 -0.08108313
218.0 0.7454243 0.05894304 -0.08103847
219.0 0.7453944 0.05883854 -0.08086811
220.0 0.7454114 0.05882187 -0.08083403
221.0 0.7454291 0.05880348 -0.08079794
222.0 0.7454522 0.05877562 -0.08074578
223.0 0.7454662 0.0586567 -0.0805621
224.0 0.7454917 0.05863999 -0.08052958
225.0 0.7455199 0.05862482 -0.08049979
226.0 0.7455623 0.058604 -0.08045963
227.0 0.7456273 0.05857173 -0.08039926
228.0 0.7457632 0.05845204 -0.08021801
229.0 0.7458081 0.05843381 -0.08018452
230.0 0.7458458 0.05841953 -0.08015857
231.0 0.7458971 0.05839993 -0.08012433
232.0 0.7459836 0.05836827 -0.08007054
233.0 0.746203 0.05825296 -0.07990597
234.0 0.7462692 0.05823544 -0.07987378
235.0 0.7463276 0.05822162 -0.07984716
236.0 0.7464066 0.05820376 -0.0798137
237.0 0.746528 0.05817583 -0.07976431
238.0 0.7468466 0.05807416 -0.07962309
239.0 0.7469324 0.05805647 -0.07959273
240.0 0.7470083 0.05804107 -0.07956698
241.0 0.7471114 0.05801925 -0.07953252
242.0 0.747271 0.05798612 -0.07948221
243.0 0.7476742 0.05788027 -0.07934788
244.0 0.7477721 0.05786413 -0.07932046
245.0 0.7478549 0.05785212 -0.07929817
246.0 0.7479697 0.0578361 -0.07926984
247.0 0.7481517 0.05780994 -0.07922758
248.0 0.7486424 0.05771923 -0.07911608
249.0 0.7487703 0.05770152 -0.07908882
250.0 0.7488848 0.05768568 -0.07906536
251.0 0.74904 0.05766336 -0.07903467
252.0 0.7492705 0.05763114 -0.07899253
253.0 0.7498395 0.05753823 -0.07889196
254.0 0.7499698 0.057524 -0.07886974
255.0 0.750083 0.05751346 -0.07885124
256.0 0.7502457 0.05749847 -0.07882758
257.0 0.7507709 0.05743413 -0.07875739
258.0 0.7509245 0.05742041 -0.07873682
259.0 0.7511121 0.05740222 -0.07871315
260.0 0.7513871 0.05737434 -0.07868184
261.0 0.7520745 0.05729297 -0.07861087
262.0 0.7522253 0.05727998 -0.07859338
263.0 0.7523658 0.05726941 -0.07857778
264.0 0.7525782 0.05725362 -0.07855778
265.0 0.7532381 0.05719266 -0.07850638
266.0 0.7534242 0.05717943 -0.07848988
267.0 0.7536427 0.05716323 -0.07847261
268.0 0.7543117 0.05710498 -0.07843407
269.0 0.7544654 0.05709544 -0.07842203
270.0 0.7546657 0.0570835 -0.07840917
271.0 0.7553554 0.05703305 -0.07837888
272.0 0.7555497 0.05702249 -0.07836742
273.0 0.7558088 0.05700773 -0.07835517
274.0 0.7565916 0.05695714 -0.07833633
275.0 0.7567861 0.05694714 -0.07832748
276.0 0.757025 0.05693522 -0.07831968
277.0 0.7578026 0.05689021 -0.07831023
278.0 0.7580029 0.05688161 -0.07830376
279.0 0.7582717 0.05686988 -0.07829794
280.0 0.7591231 0.05682902 -0.07829966
281.0 0.7593496 0.05682011 -0.07829544
282.0 0.7596364 0.05680915 -0.07829403
283.0 0.7605231 0.05677217 -0.07830821
284.0 0.760747 0.05676491 -0.07830722
285.0 0.7610374 0.0567555 -0.07830875
286.0 0.7619708 0.05672413 -0.07833542
287.0 0.7622177 0.05671719 -0.07833715
288.0 0.7629935 0.05669432 -0.07836292
289.0 0.7631589 0.05669128 -0.07836357
290.0 0.7634441 0.05668446 -0.0783699
291.0 0.7644862 0.05665807 -0.07841715
292.0 0.7653136 0.05663954 -0.07845678
293.0 0.7654203 0.05663971 -0.07845748
294.0 0.7655926 0.05663829 -0.07846264
295.0 0.7665512 0.05662151 -0.07851928
296.0 0.7674332 0.05660809 -0.07857324
297.0 0.7676057 0.05660712 -0.07857899
298.0 0.7684185 0.05659979 -0.07863619
299.0 0.768647 0.05659842 -0.07864793
300.0 0.7696423 0.05659275 -0.07872825
301.0 0.7704986 0.05658892 -0.0787978
302.0 0.7706521 0.05658986 -0.07880615
303.0 0.7714803 0.056588 -0.07887731
304.0 0.771742 0.05658744 -0.07889548
305.0 0.7728762 0.05658848 -0.07900307
306.0 0.7738448 0.05659295 -0.0790987
307.0 0.7740084 0.05659492 -0.0791107
308.0 0.7748731 0.05660275 -0.07920272
309.0 0.7751393 0.05660406 -0.0792259
310.0 0.7763304 0.05661508 -0.07935909
311.0 0.7773707 0.05662667 -0.07947678
312.0 0.7775568 0.05662948 -0.07949399
313.0 0.7785147 0.05664363 -0.07960879
314.0 0.7793933 0.05665659 -0.07971405
315.0 0.779601 0.05665913 -0.07973406
316.0 0.7807067 0.05667564 -0.07987159
317.0 0.7817672 0.05669351 -0.08000648
318.0 0.7820122 0.0566976 -0.08003443
319.0 0.7831864 0.05672449 -0.08019627
320.0 0.78423 0.05674962 -0.08034039
321.0 0.7844447 0.05675374 -0.08036484
322.0 0.7855588 0.05677844 -0.08051779
323.0 0.7866088 0.05680101 -0.08066175
324.0 0.7868646 0.05680536 -0.0806931
325.0 0.7880923 0.05683454 -0.08087051
326.0 0.7892156 0.05686337 -0.08103465
327.0 0.7894648 0.05686869 -0.08106668
328.0 0.7906712 0.0569019 -0.08124578
329.0 0.7917758 0.05693171 -0.08140835
330.0 0.7926652 0.05695574 -0.08153853
331.0 0.7928413 0.05695945 -0.08156026
332.0 0.7939398 0.05698352 -0.08172095
333.0 0.7951113 0.05701027 -0.0818937
334.0 0.7961692 0.057039 -0.08205359
335.0 0.7963971 0.05704463 -0.08208487
336.0 0.7976537 0.05708293 -0.08228065
337.0 0.7988493 0.05711773 -0.0824639
338.0 0.7998267 0.05714493 -0.08261093
339.0 0.8000262 0.05714815 -0.08263601
340.0 0.8011616 0.05717148 -0.08280198
341.0 0.8026993 0.05720987 -0.08303267
342.0 0.802913 0.0572127 -0.08306065
343.0 0.8039209 0.05723503 -0.08321135
344.0 0.8049716 0.0572597 -0.08336902
345.0 0.8059792 0.05728515 -0.08352025
346.0 0.806891 0.05730902 -0.08365709
347.0 0.8077132 0.05732841 -0.08377779
348.0 0.8085062 0.05734398 -0.08389147
349.0 0.809353 0.05735821 -0.08401104
350.0 0.8102898 0.0573746 -0.08414529
351.0 0.8112833 0.05739388 -0.08429026
352.0 0.8122681 0.05741515 -0.08443628
353.0 0.8131914 0.05743517 -0.08457204
354.0 0.814049 0.05745213 -0.08469514
355.0 0.8148824 0.05746559 -0.08481059
356.0 0.8157415 0.05747743 -0.08492804
357.0 0.8166482 0.05748921 -0.08505253
358.0 0.8175877 0.05750244 -0.08518408
359.0 0.8185239 0.05751653 -0.08531638
360.0 0.8194291 0.05753053 -0.08544409
361.0 0.8202989 0.05754279 -0.0855641
362.0 0.8211526 0.05755305 -0.08567911
363.0 0.8220137 0.05756141 -0.08579284
364.0 0.8228956 0.05756912 -0.08590931
365.0 0.8237928 0.05757673 -0.08602847
366.0 0.8246902 0.05758477 -0.08614877
367.0 0.8255731 0.05759257 -0.08626674
368.0 0.8264375 0.0575997 -0.0863811
369.0 0.8272898 0.05760542 -0.08649171
370.0 0.8281417 0.05760992 -0.08660079
371.0 0.8290005 0.05761336 -0.08670978
372.0 0.8298662 0.05761636 -0.08681979
373.0 0.8307318 0.05761902 -0.08692983
374.0 0.8315902 0.05762144 -0.08703894
375.0 0.8324378 0.05762322 -0.08714576
376.0 0.8332769 0.05762427 -0.08725046
377.0 0.8341124 0.05762437 -0.08735342
378.0 0.8349489 0.05762371 -0.08745582
379.0 0.8357869 0.05762236 -0.08755789
380.0 0.8366239 0.05762053 -0.08765972
381.0 0.837456 0.05761815 -0.08776054
382.0 0.8382811 0.05761525 -0.08786001
383.0 0.8390995 0.05761168 -0.08795778
384.0 0.8399137 0.05760746 -0.08805428
385.0 0.8409394 0.0576067 -0.08817939
386.0 0.8416058 0.05759968 -0.08825525
387.0 0.8422509 0.05759055 -0.08832624
388.0 0.8429798 0.05758033 -0.08840645
389.0 0.8440351 0.0575742 -0.08853065
390.0 0.8447968 0.0575665 -0.08861855
391.0 0.8455122 0.05755935 -0.08870117
392.0 0.8462437 0.05755161 -0.08878453
393.0 0.8470263 0.0575427 -0.08887242
394.0 0.8480567 0.05753611 -0.08899237
395.0 0.8487423 0.05752469 -0.08906689
396.0 0.8493737 0.05751157 -0.08913334
397.0 0.8500537 0.05749717 -0.08920421
398.0 0.8510216 0.05748484 -0.08931157
399.0 0.8517333 0.05747185 -0.08938798
400.0 0.852418 0.05745938 -0.08946151
401.0 0.8531258 0.05744644 -0.08953702
402.0 0.854071 0.05743504 -0.08964199
403.0 0.8547312 0.05742011 -0.08970998
404.0 0.855361 0.05740351 -0.08977271
405.0 0.8560323 0.05738546 -0.08983896
406.0 0.8569549 0.05736839 -0.08993615
407.0 0.8576253 0.05735157 -0.09000405
408.0 0.858259 0.05733512 -0.09006761
409.0 0.8590909 0.05731919 -0.09015426
410.0 0.8596882 0.05730086 -0.09021111
411.0 0.8603042 0.0572808 -0.09026837
412.0 0.8611542 0.05726001 -0.09035262
413.0 0.8617812 0.05723966 -0.09041182
414.0 0.8624005 0.05721966 -0.0904704
415.0 0.863222 0.05720005 -0.09055248
416.0 0.8638096 0.05717975 -0.09060634
417.0 0.8643966 0.05715821 -0.09065846
418.0 0.8651922 0.05713513 -0.09073309
419.0 0.8657768 0.05711233 -0.09078424
420.0 0.8663621 0.05708921 -0.09083531
421.0 0.8671452 0.05706531 -0.09090837
422.0 0.8677136 0.05704231 -0.09095744
423.0 0.8682777 0.0570188 -0.09100498
424.0 0.8690327 0.05699368 -0.09107244
425.0 0.8695843 0.05696926 -0.09111761
426.0 0.8701352 0.05694415 -0.09116201
427.0 0.870873 0.05691712 -0.09122582
428.0 0.871412 0.05689167 -0.09126871
429.0 0.8719481 0.05686588 -0.09131061
430.0 0.872664 0.05683806 -0.09137058
431.0 0.8731856 0.05681195 -0.09141029
432.0 0.8737054 0.05678528 -0.09144902
433.0 0.8744024 0.0567561 -0.09150513
434.0 0.8749078 0.056729 -0.09154196
435.0 0.8754118 0.05670142 -0.09157799
436.0 0.876089 0.05667113 -0.09163055
437.0 0.8765785 0.05664339 -0.09166464
438.0 0.8770675 0.05661522 -0.09169797
439.0 0.8777258 0.0565841 -0.091747
440.0 0.8781988 0.05655576 -0.09177837
441.0 0.878672 0.0565269 -0.09180907
442.0 0.8793113 0.05649477 -0.09185476
443.0 0.8797676 0.05646583 -0.09188347
444.0 0.8802254 0.05643644 -0.09191164
445.0 0.8807186 0.0564057 -0.09194211
446.0 0.8813759 0.05637199 -0.09198774
447.0 0.8818309 0.05634272 -0.09201572
448.0 0.8822499 0.05631389 -0.0920399
449.0 0.8826892 0.05628338 -0.09206416
450.0 0.8832944 0.05624827 -0.09210185
451.0 0.8837316 0.05621749 -0.09212588
452.0 0.8841513 0.05618729 -0.09214853
453.0 0.884589 0.05615624 -0.092172
454.0 0.885059 0.05612397 -0.09219749
455.0 0.8856647 0.05608879 -0.09223479
456.0 0.8860598 0.05605916 -0.09225496
457.0 0.8864166 0.05602992 -0.09227103
458.0 0.8868024 0.05599836 -0.09228748
459.0 0.8872448 0.05596421 -0.09230736
460.0 0.887724 0.0559295 -0.09233096
461.0 0.8881954 0.05589649 -0.09235573
462.0 0.8886259 0.05586575 -0.09237823
463.0 0.889016 0.05583594 -0.09239676
464.0 0.889391 0.05580516 -0.09241208
465.0 0.8897754 0.05577238 -0.09242619
466.0 0.8901772 0.05573815 -0.092441
467.0 0.8905875 0.05570401 -0.09245728
468.0 0.8909912 0.0556712 -0.09247438
469.0 0.8913788 0.05563987 -0.09249093
470.0 0.8917514 0.05560917 -0.0925059
471.0 0.8921168 0.05557801 -0.09251911
472.0 0.8924819 0.05554587 -0.09253115
473.0 0.8928486 0.05551297 -0.09254283
474.0 0.8932138 0.05547999 -0.09255464
475.0 0.8935734 0.05544754 -0.09256653
476.0 0.8939256 0.05541579 -0.09257813
477.0 0.8942715 0.05538447 -0.09258905
478.0 0.8946132 0.05535321 -0.09259916
479.0 0.8949523 0.05532174 -0.09260859
480.0 0.8952881 0.05529007 -0.09261754
481.0 0.8956197 0.05525835 -0.09262616
482.0 0.8959461 0.05522676 -0.09263447
483.0 0.8962678 0.05519538 -0.09264242
484.0 0.8965857 0.05516426 -0.09264995
485.0 0.8969002 0.05513334 -0.09265705
486.0 0.8972114 0.05510258 -0.09266376
487.0 0.8975188 0.05507191 -0.09267008
488.0 0.897822 0.05504128 -0.09267605
489.0 0.898121 0.05501069 -0.09268163
490.0 0.8984161 0.05498018 -0.09268685
491.0 0.8987077 0.05494983 -0.09269172
492.0 0.8989958 0.0549197 -0.09269627
493.0 0.8992809 0.05488979 -0.09270055
494.0 0.8995629 0.05486004 -0.09270456
495.0 0.8998415 0.05483041 -0.09270828
496.0 0.9001165 0.05480087 -0.09271169
497.0 0.9003878 0.05477143 -0.09271476
498.0 0.9006556 0.05474213 -0.09271751
499.0 0.90092 0.05471301 -0.09271997
500.0 0.9011813 0.05468409 -0.09272218
501.0 0.9014396 0.05465537 -0.09272417
502.0 0.9016949 0.05462683 -0.09272593
503.0 0.9019469 0.05459845 -0.09272745
504.0 0.9021956 0.05457021 -0.09272872
505.0 0.9024411 0.05454214 -0.09272972
506.0 0.9026834 0.05451422 -0.09273048
507.0 0.9029229 0.0544865 -0.09273101
508.0 0.9031595 0.05445896 -0.09273134
509.0 0.9033932 0.05443162 -0.09273149
510.0 0.9036241 0.05440447 -0.09273145
511.0 0.9038522 0.0543775 -0.09273122
512.0 0.9040775 0.0543507 -0.0927308
513.0 0.9042999 0.05432408 -0.09273018
514.0 0.9045197 0.05429764 -0.09272938
515.0 0.9047369 0.05427138 -0.09272841
516.0 0.9049515 0.05424532 -0.09272728
517.0 0.9051635 0.05421945 -0.092726
518.0 0.905373 0.05419377 -0.09272457
519.0 0.90558 0.05416828 -0.092723
520.0 0.9057846 0.05414297 -0.09272128
521.0 0.9059867 0.05411785 -0.09271942
522.0 0.9061864 0.05409292 -0.09271742
523.0 0.9063838 0.05406818 -0.09271529
524.0 0.9065789 0.05404362 -0.09271304
525.0 0.9067718 0.05401926 -0.09271068
526.0 0.9069624 0.05399509 -0.0927082
527.0 0.9071508 0.05397111 -0.09270562
528.0 0.907337 0.05394732 -0.09270293
529.0 0.9075212 0.05392371 -0.09270014
530.0 0.9077032 0.0539003 -0.09269725
531.0 0.9078832 0.05387708 -0.09269427
532.0 0.9080612 0.05385404 -0.0926912
533.0 0.9082371 0.05383119 -0.09268805
534.0 0.9084111 0.05380853 -0.09268481
535.0 0.9085832 0.05378606 -0.09268151
536.0 0.9087534 0.05376377 -0.09267813
537.0 0.9089218 0.05374168 -0.09267468
538.0 0.9090883 0.05371977 -0.09267117
539.0 0.9092531 0.05369805 -0.0926676
540.0 0.909416 0.05367651 -0.09266397
541.0 0.9095773 0.05365516 -0.09266029
542.0 0.9097368 0.05363399 -0.09265656
543.0 0.9098947 0.053613 -0.09265278
544.0 0.9100509 0.0535922 -0.09264896
545.0 0.9102055 0.05357159 -0.09264511
546.0 0.910269 0.05356118 -0.09264238
547.0 0.9105039 0.05353078 -0.09263628
548.0 0.9107188 0.05350376 -0.09263171
549.0 0.9108799 0.05348382 -0.09262915
550.0 0.910918 0.05347722 -0.09262764
551.0 0.911076 0.05345524 -0.09262271
552.0 0.9112473 0.05343171 -0.09261702
553.0 0.9114098 0.05341016 -0.09261219
554.0 0.911467 0.05340116 -0.09260978
555.0 0.9116704 0.0533749 -0.09260442
556.0 0.9118545 0.05335127 -0.09260003
557.0 0.9119108 0.05334226 -0.09259778
558.0 0.9120952 0.05331865 -0.09259314
559.0 0.9122589 0.05329775 -0.09258894
560.0 0.9123093 0.05328967 -0.09258666
561.0 0.9124854 0.05326636 -0.09258093
562.0 0.9126484 0.05324471 -0.0925758
563.0 0.9127009 0.05323623 -0.09257339
564.0 0.912881 0.05321254 -0.09256809
565.0 0.9130433 0.0531916 -0.09256376
566.0 0.9130921 0.05318392 -0.09256168
567.0 0.9132618 0.05316234 -0.09255696
568.0 0.9134167 0.05314275 -0.09255273
569.0 0.9134651 0.0531352 -0.09255055
570.0 0.9136344 0.05311334 -0.09254536
571.0 0.9137881 0.05309347 -0.09254083
572.0 0.9138349 0.05308609 -0.09253871
573.0 0.9139982 0.05306489 -0.09253385
574.0 0.9141471 0.05304589 -0.0925297
575.0 0.9141925 0.05303892 -0.09252772
576.0 0.9143541 0.05301872 -0.09252318
577.0 0.9145016 0.05300045 -0.09251928
578.0 0.9145463 0.0529937 -0.09251737
579.0 0.9147043 0.05297386 -0.09251296
580.0 0.9148478 0.0529559 -0.09250914
581.0 0.9148909 0.05294934 -0.09250727
582.0 0.9150451 0.05293003 -0.09250302
583.0 0.9151864 0.05291265 -0.09249941
584.0 0.9152288 0.05290638 -0.09249766
585.0 0.915382 0.05288786 -0.09249384
586.0 0.9155216 0.05287114 -0.09249061
587.0 0.915563 0.05286512 -0.09248897
588.0 0.9157124 0.05284707 -0.09248539
589.0 0.9158489 0.05283074 -0.09248233
590.0 0.9158895 0.05282489 -0.09248075
591.0 0.9160372 0.05280738 -0.09247745
592.0 0.9161723 0.05279162 -0.09247472
593.0 0.9162121 0.05278604 -0.09247327
594.0 0.916358 0.0527692 -0.09247043
595.0 0.9164914 0.05275399 -0.09246808
596.0 0.9165305 0.0527486 -0.09246674
597.0 0.9166741 0.05273223 -0.0924642
598.0 0.9168057 0.05271744 -0.09246213
599.0 0.9168441 0.05271225 -0.09246089
600.0 0.9169862 0.05269647 -0.09245875
601.0 0.9171165 0.05268224 -0.09245707
602.0 0.9171544 0.05267726 -0.09245596
603.0 0.9172952 0.05266202 -0.09245429
604.0 0.9174243 0.05264826 -0.09245302
605.0 0.9174616 0.05264347 -0.09245202
606.0 0.917601 0.05262874 -0.09245076
607.0 0.9177288 0.05261545 -0.09244986
608.0 0.9177656 0.05261083 -0.09244897
609.0 0.917904 0.05259665 -0.09244817
610.0 0.9180308 0.05258385 -0.09244771
611.0 0.9180673 0.05257942 -0.09244696
612.0 0.9182047 0.05256574 -0.09244666
613.0 0.9183307 0.05255341 -0.09244663
614.0 0.9183667 0.05254914 -0.09244601
615.0 0.9185033 0.05253596 -0.09244617
616.0 0.9186285 0.05252408 -0.09244657
617.0 0.9186642 0.05251998 -0.09244607
618.0 0.9188001 0.05250729 -0.09244674
619.0 0.9189247 0.05249587 -0.09244761
620.0 0.9189601 0.05249193 -0.09244724
621.0 0.9190955 0.05247973 -0.09244844
622.0 0.9192196 0.05246875 -0.09244978
623.0 0.9192548 0.05246496 -0.09244955
624.0 0.9193897 0.05245323 -0.09245126
625.0 0.9195134 0.05244267 -0.09245306
626.0 0.9195483 0.05243902 -0.09245295
627.0 0.9196828 0.05242776 -0.09245519
628.0 0.9198062 0.05241762 -0.09245748
629.0 0.9198409 0.05241412 -0.09245751
630.0 0.9199752 0.05240332 -0.09246029
631.0 0.9200985 0.0523936 -0.09246307
632.0 0.920133 0.05239023 -0.09246323
633.0 0.9202671 0.05237987 -0.09246655
634.0 0.9203902 0.05237053 -0.09246981
635.0 0.9204245 0.05236729 -0.09247009
636.0 0.9205586 0.05235735 -0.09247395
637.0 0.9206816 0.05234841 -0.0924777
638.0 0.9207158 0.05234529 -0.09247811
639.0 0.9208499 0.05233578 -0.09248251
640.0 0.9209729 0.05232723 -0.09248676
641.0 0.921007 0.05232422 -0.0924873
642.0 0.9211411 0.05231511 -0.09249224
643.0 0.9212642 0.05230692 -0.09249696
644.0 0.9212982 0.05230402 -0.09249763
645.0 0.9214324 0.05229531 -0.0925031
646.0 0.9215556 0.05228747 -0.0925083
647.0 0.9215895 0.05228468 -0.09250909
648.0 0.9217238 0.05227635 -0.09251509
649.0 0.9218472 0.05226885 -0.09252077
650.0 0.921881 0.05226616 -0.09252168
651.0 0.9220156 0.0522582 -0.0925282
652.0 0.9221392 0.05225103 -0.09253435
653.0 0.9221729 0.05224843 -0.09253538
654.0 0.9223077 0.05224083 -0.0925424
655.0 0.9224314 0.05223398 -0.09254901
656.0 0.9224651 0.05223147 -0.09255015
657.0 0.9226001 0.0522242 -0.09255766
658.0 0.9227241 0.05221765 -0.09256471
659.0 0.9227577 0.05221523 -0.09256597
660.0 0.922893 0.05220828 -0.09257398
661.0 0.9230172 0.05220203 -0.09258147
662.0 0.9230508 0.05219968 -0.09258283
663.0 0.9231863 0.05219305 -0.0925913
664.0 0.9233108 0.05218708 -0.09259921
665.0 0.9233443 0.0521848 -0.09260067
666.0 0.9234801 0.05217846 -0.09260959
667.0 0.9236048 0.05217275 -0.09261791
668.0 0.9236383 0.05217054 -0.09261947
669.0 0.9237744 0.05216448 -0.09262883
670.0 0.9238993 0.05215903 -0.09263753
671.0 0.9239327 0.05215689 -0.09263919
672.0 0.9240691 0.05215109 -0.09264896
673.0 0.9241942 0.05214588 -0.09265803
674.0 0.9242276 0.05214379 -0.09265978
675.0 0.9243641 0.05213824 -0.09266995
676.0 0.9244894 0.05213325 -0.09267937
677.0 0.9245228 0.05213121 -0.09268121
678.0 0.9246596 0.05212591 -0.09269175
679.0 0.924785 0.05212112 -0.0927015
680.0 0.9248845 0.05211737 -0.09270928
681.0 0.9249072 0.0521159 -0.09271042
682.0 0.9250304 0.05211065 -0.09271965
683.0 0.9251615 0.05210541 -0.09272978
684.0 0.9252772 0.05210137 -0.09273929
685.0 0.9253053 0.05209986 -0.09274109
686.0 0.9254396 0.05209556 -0.09275275
687.0 0.9255689 0.05209131 -0.09276378
688.0 0.9256748 0.05208773 -0.09277262
689.0 0.9256998 0.05208618 -0.09277402
690.0 0.9258258 0.05208128 -0.09278413
691.0 0.9259549 0.05207655 -0.09279482
692.0 0.9260665 0.05207298 -0.09280461
693.0 0.9260931 0.05207158 -0.09280643
694.0 0.9262258 0.05206767 -0.09281856
695.0 0.9263562 0.05206376 -0.09283028
696.0 0.9264645 0.05206048 -0.09283988
697.0 0.9264901 0.05205898 -0.09284148
698.0 0.9266172 0.05205453 -0.0928524
699.0 0.9267453 0.05205024 -0.09286366
700.0 0.9268551 0.05204698 -0.09287375
701.0 0.9268814 0.05204561 -0.09287564
702.0 0.9270133 0.05204193 -0.09288811
703.0 0.9271434 0.05203828 -0.09290029
704.0 0.927252 0.05203525 -0.09291037
705.0 0.9272778 0.05203381 -0.0929121
706.0 0.9274048 0.05202972 -0.09292359
707.0 0.9275322 0.05202575 -0.09293527
708.0 0.927641 0.05202271 -0.09294561
709.0 0.9276673 0.05202134 -0.09294756
710.0 0.9277981 0.05201783 -0.09296029
711.0 0.9279272 0.05201437 -0.09297273
712.0 0.9280351 0.05201153 -0.09298308
713.0 0.9280609 0.05201012 -0.09298491
714.0 0.9281875 0.05200628 -0.09299677
715.0 0.9283139 0.05200254 -0.09300872
716.0 0.9284216 0.05199964 -0.0930192
717.0 0.9285092 0.05199739 -0.09302784
718.0 0.9285315 0.0519961 -0.09302941
719.0 0.9286587 0.05199208 -0.09304136
720.0 0.9288323 0.05198825 -0.09305883
721.0 0.9289191 0.05198555 -0.09306711
722.0 0.9289353 0.05198447 -0.09306818
723.0 0.9290369 0.05198094 -0.09307762
724.0 0.9291585 0.05197715 -0.09308912
725.0 0.9292788 0.0519741 -0.09310105
726.0 0.9293825 0.05197193 -0.09311178
727.0 0.9294676 0.05197002 -0.09312056
728.0 0.9294912 0.05196858 -0.09312226
729.0 0.9296573 0.05196445 -0.09313873
730.0 0.9297619 0.05196058 -0.09314831
731.0 0.9298495 0.05195771 -0.09315668
732.0 0.929929 0.05195551 -0.09316461
733.0 0.9300102 0.05195326 -0.09317267
734.0 0.9301002 0.05195054 -0.09318132
735.0 0.9302 0.05194745 -0.0931908
736.0 0.9303045 0.05194445 -0.09320096
737.0 0.9304067 0.05194181 -0.09321129
738.0 0.9305019 0.05193945 -0.0932211
739.0 0.9305899 0.05193703 -0.09323001
740.0 0.9306748 0.05193428 -0.09323819
741.0 0.9307624 0.05193121 -0.0932463
742.0 0.9308554 0.05192805 -0.09325497
743.0 0.9309527 0.05192509 -0.09326437
744.0 0.9310502 0.05192245 -0.09327416
745.0 0.9311442 0.05192001 -0.09328376
746.0 0.9312336 0.05191753 -0.09329277
747.0 0.9313206 0.05191483 -0.09330124
748.0 0.9314085 0.05191188 -0.09330957
749.0 0.931499 0.05190882 -0.09331812
750.0 0.9315917 0.05190583 -0.09332703
751.0 0.9316845 0.05190301 -0.09333615
752.0 0.9317755 0.05190034 -0.09334519
753.0 0.9318642 0.05189769 -0.09335396
754.0 0.9319516 0.05189496 -0.09336245
755.0 0.9320392 0.05189209 -0.09337083
756.0 0.9321277 0.05188913 -0.09337927
757.0 0.932217 0.05188617 -0.09338784
758.0 0.9323062 0.05188326 -0.09339646
759.0 0.9323943 0.05188042 -0.09340504
760.0 0.9324814 0.05187761 -0.09341348
761.0 0.9325677 0.05187478 -0.09342177
762.0 0.932654 0.05187188 -0.09342999
763.0 0.9327404 0.05186894 -0.0934382
764.0 0.9328269 0.05186597 -0.09344642
765.0 0.9329131 0.05186301 -0.09345464
766.0 0.9329987 0.05186007 -0.09346281
767.0 0.9330836 0.05185715 -0.0934709
768.0 0.9331681 0.05185421 -0.0934789
769.0 0.9332524 0.05185125 -0.09348685
770.0 0.9333365 0.05184827 -0.09349475
771.0 0.9334204 0.05184527 -0.09350262
772.0 0.9335039 0.05184226 -0.09351044
773.0 0.9335869 0.05183924 -0.09351822
774.0 0.9336694 0.05183622 -0.09352592
775.0 0.9337516 0.05183319 -0.09353356
776.0 0.9338335 0.05183015 -0.09354116
777.0 0.9339152 0.05182711 -0.09354872
778.0 0.9339966 0.05182406 -0.09355623
779.0 0.9340775 0.05182099 -0.09356367
780.0 0.9341579 0.0518179 -0.09357105
781.0 0.9342379 0.05181481 -0.09357837
782.0 0.9343176 0.0518117 -0.09358563
783.0 0.9343969 0.05180859 -0.09359284
784.0 0.9344759 0.05180547 -0.0936
785.0 0.9345546 0.05180235 -0.09360711
786.0 0.9346329 0.05179922 -0.09361416
787.0 0.9347107 0.05179608 -0.09362115
788.0 0.9347881 0.05179292 -0.09362807
789.0 0.9348651 0.05178975 -0.09363493
790.0 0.9349417 0.05178658 -0.09364174
791.0 0.935018 0.0517834 -0.0936485
792.0 0.9350939 0.05178021 -0.0936552
793.0 0.9351694 0.05177702 -0.09366184
794.0 0.9352445 0.05177381 -0.09366842
795.0 0.9353192 0.0517706 -0.09367494
796.0 0.9353935 0.05176738 -0.0936814
797.0 0.9354674 0.05176415 -0.0936878
798.0 0.9355409 0.05176091 -0.09369415
799.0 0.9356141 0.05175767 -0.09370044
800.0 0.9356868 0.05175442 -0.09370667
801.0 0.9357591 0.05175117 -0.09371284
802.0 0.935831 0.05174791 -0.09371895
803.0 0.9359025 0.05174464 -0.09372501
804.0 0.9359736 0.05174136 -0.093731
805.0 0.9360444 0.05173808 -0.09373694
806.0 0.9361147 0.0517348 -0.09374282
807.0 0.9361846 0.05173151 -0.09374864
808.0 0.9362541 0.05172821 -0.09375441
809.0 0.9363232 0.05172491 -0.09376012
810.0 0.9363919 0.05172161 -0.09376577
811.0 0.9364602 0.0517183 -0.09377136
812.0 0.9365281 0.05171498 -0.09377689
813.0 0.9365956 0.05171166 -0.09378237
814.0 0.9366626 0.05170834 -0.09378779
815.0 0.9367293 0.05170502 -0.09379315
816.0 0.9367956 0.05170169 -0.09379846
817.0 0.9368615 0.05169836 -0.09380371
818.0 0.9369269 0.05169503 -0.09380891
819.0 0.936992 0.05169169 -0.09381405
820.0 0.9370567 0.05168835 -0.09381913
821.0 0.9371209 0.05168501 -0.09382416
822.0 0.9371848 0.05168167 -0.09382914
823.0 0.9372482 0.05167833 -0.09383406
824.0 0.9373113 0.05167498 -0.09383892
825.0 0.937374 0.05167164 -0.09384373
826.0 0.9374362 0.05166829 -0.09384849
827.0 0.9374981 0.05166495 -0.09385319
828.0 0.9375596 0.0516616 -0.09385785
829.0 0.9376207 0.05165825 -0.09386245
830.0 0.9376813 0.05165491 -0.093867
831.0 0.9377416 0.05165156 -0.09387148
832.0 0.9378014 0.05164822 -0.09387592
833.0 0.9378609 0.05164487 -0.0938803
834.0 0.93792 0.05164153 -0.09388464
835.0 0.9379787 0.05163819 -0.09388893
836.0 0.9380371 0.05163485 -0.09389317
837.0 0.938095 0.05163152 -0.09389736
838.0 0.9381525 0.05162819 -0.0939015
839.0 0.9382096 0.05162486 -0.09390558
840.0 0.9382664 0.05162153 -0.09390962
841.0 0.9383227 0.0516182 -0.09391361
842.0 0.9383788 0.05161488 -0.09391755
843.0 0.9384344 0.05161156 -0.09392144
844.0 0.9384896 0.05160825 -0.09392529
845.0 0.9385445 0.05160494 -0.09392909
846.0 0.9385989 0.05160163 -0.09393284
847.0 0.938653 0.05159833 -0.09393654
848.0 0.9387067 0.05159503 -0.0939402
849.0 0.9387601 0.05159174 -0.09394381
850.0 0.9388131 0.05158845 -0.09394738
851.0 0.9388657 0.05158517 -0.09395091
852.0 0.9389179 0.05158189 -0.09395438
853.0 0.9389698 0.05157862 -0.09395782
854.0 0.9390213 0.05157536 -0.09396121
855.0 0.9390725 0.0515721 -0.09396456
856.0 0.9391233 0.05156885 -0.09396786
857.0 0.9391737 0.05156561 -0.09397113
858.0 0.9392238 0.05156237 -0.09397435
859.0 0.9392735 0.05155914 -0.09397753
860.0 0.9393228 0.05155591 -0.09398067
861.0 0.9393718 0.05155269 -0.09398376
862.0 0.9394205 0.05154949 -0.09398682
863.0 0.9394688 0.05154628 -0.09398984
864.0 0.9395167 0.05154309 -0.09399282
865.0 0.9395643 0.05153991 -0.09399576
866.0 0.9396116 0.05153673 -0.09399866
867.0 0.9396585 0.05153356 -0.09400152
868.0 0.9397051 0.0515304 -0.09400435
869.0 0.9397514 0.05152725 -0.09400713
870.0 0.9397973 0.05152411 -0.09400989
871.0 0.9398429 0.05152097 -0.0940126
872.0 0.9398881 0.05151785 -0.09401528
873.0 0.939933 0.05151474 -0.09401792
874.0 0.9399776 0.05151163 -0.09402053
875.0 0.9400219 0.05150854 -0.0940231
876.0 0.9400658 0.05150545 -0.09402564
877.0 0.9401095 0.05150238 -0.09402814
878.0 0.9401528 0.05149931 -0.09403061
879.0 0.9401957 0.05149626 -0.09403305
880.0 0.9402384 0.05149322 -0.09403546
881.0 0.9402808 0.05149018 -0.09403783
882.0 0.9403228 0.05148716 -0.09404017
883.0 0.9403646 0.05148415 -0.09404248
884.0 0.940406 0.05148115 -0.09404476
885.0 0.9404236 0.05147931 -0.09404537
886.0 0.9404871 0.05147505 -0.094049
887.0 0.9405451 0.0514713 -0.09405248
888.0 0.9405624 0.05146962 -0.09405321
889.0 0.9406147 0.05146631 -0.09405646
890.0 0.9406596 0.05146324 -0.09405903
891.0 0.9406742 0.0514616 -0.09405942
892.0 0.940725 0.05145766 -0.0940618
893.0 0.9407736 0.05145398 -0.09406421
894.0 0.9407909 0.05145221 -0.09406482
895.0 0.9408455 0.05144863 -0.09406808
896.0 0.9408933 0.05144552 -0.09407095
897.0 0.9409078 0.05144399 -0.09407144
898.0 0.9409561 0.05144052 -0.09407393
899.0 0.9410008 0.0514372 -0.09407615
900.0 0.9410165 0.05143551 -0.0940766
901.0 0.9410672 0.05143183 -0.09407922
902.0 0.9411128 0.05142854 -0.09408164
903.0 0.9411274 0.05142699 -0.09408212
904.0 0.9411507 0.05142471 -0.09408296
905.0 0.9412182 0.05142032 -0.09408672
906.0 0.9412711 0.05141698 -0.09408981
907.0 0.9412818 0.0514158 -0.09409016
908.0 0.9412956 0.05141417 -0.09409052
909.0 0.9413471 0.05141015 -0.09409282
910.0 0.9413956 0.0514065 -0.0940951
911.0 0.9414111 0.05140494 -0.0940956
912.0 0.9414328 0.05140291 -0.09409644
913.0 0.9414927 0.05139899 -0.09409982
914.0 0.9415156 0.0513969 -0.09410072
915.0 0.9415414 0.05139462 -0.09410177
916.0 0.9416007 0.051391 -0.09410517
917.0 0.9416191 0.05138926 -0.09410583
918.0 0.9416385 0.05138731 -0.09410645
919.0 0.941665 0.05138475 -0.0941073
920.0 0.9417281 0.05138046 -0.09411052
921.0 0.9417493 0.05137852 -0.09411133
922.0 0.9417694 0.05137669 -0.09411214
923.0 0.9417942 0.05137448 -0.09411315
924.0 0.9418529 0.05137076 -0.09411639
925.0 0.9418721 0.05136896 -0.09411705
926.0 0.9418916 0.05136705 -0.09411765
927.0 0.9419167 0.05136466 -0.09411843
928.0 0.9419746 0.0513607 -0.09412131
929.0 0.9419934 0.05135893 -0.09412197
930.0 0.9420116 0.05135717 -0.09412264
931.0 0.9420352 0.051355 -0.09412353
932.0 0.9420665 0.05135236 -0.09412477
933.0 0.9421311 0.05134852 -0.09412843
934.0 0.9421484 0.05134699 -0.09412911
935.0 0.9421614 0.0513456 -0.09412949
936.0 0.9421784 0.0513437 -0.09412986
937.0 0.9422047 0.05134106 -0.0941305
938.0 0.9422664 0.05133679 -0.09413335
939.0 0.9422866 0.05133506 -0.09413415
940.0 0.9423027 0.05133365 -0.09413488
941.0 0.9423212 0.05133197 -0.09413568
942.0 0.9423466 0.05132973 -0.09413668
943.0 0.9424055 0.05132606 -0.0941398
944.0 0.9424238 0.05132443 -0.0941404
945.0 0.942439 0.05132291 -0.09414082
946.0 0.942457 0.05132101 -0.09414125
947.0 0.9424815 0.0513186 -0.09414189
948.0 0.9425127 0.05131587 -0.09414294
949.0 0.9425722 0.05131226 -0.09414627
950.0 0.9425858 0.05131109 -0.09414688
951.0 0.942595 0.05131009 -0.0941472
952.0 0.9426081 0.0513086 -0.09414751
953.0 0.9426314 0.05130631 -0.09414807
954.0 0.94269 0.0513024 -0.09415072
955.0 0.9427103 0.05130073 -0.09415149
956.0 0.9427256 0.05129939 -0.09415216
957.0 0.9427414 0.05129787 -0.09415279
958.0 0.9427624 0.05129585 -0.09415352
959.0 0.9427906 0.05129339 -0.09415448
960.0 0.9428234 0.05129087 -0.09415578
961.0 0.9428551 0.05128868 -0.09415728
962.0 0.9428812 0.05128696 -0.09415868
963.0 0.9429009 0.05128554 -0.09415972
964.0 0.9429181 0.05128407 -0.09416045
965.0 0.9429376 0.05128229 -0.09416106
966.0 0.9429615 0.05128013 -0.09416173
967.0 0.9429886 0.0512778 -0.09416258
968.0 0.9430158 0.05127558 -0.09416362
969.0 0.9430404 0.05127365 -0.09416472
970.0 0.9430618 0.05127198 -0.09416574
971.0 0.9430816 0.0512704 -0.09416664
972.0 0.9431025 0.05126875 -0.09416752
973.0 0.9431255 0.05126697 -0.09416842
974.0 0.94315 0.0512651 -0.09416939
975.0 0.9431742 0.05126325 -0.09417039
976.0 0.9431969 0.05126146 -0.09417136
977.0 0.9432179 0.05125973 -0.09417225
978.0 0.9432382 0.05125801 -0.09417306
979.0 0.943259 0.05125624 -0.09417386
980.0 0.943281 0.05125444 -0.0941747
981.0 0.9433037 0.05125267 -0.0941756
982.0 0.9433263 0.05125098 -0.09417656
983.0 0.9433479 0.05124936 -0.09417754
984.0 0.9433687 0.0512478 -0.09417847
985.0 0.943389 0.05124622 -0.09417936
986.0 0.9434096 0.05124459 -0.09418023
987.0 0.9434306 0.05124291 -0.09418108
988.0 0.943452 0.05124122 -0.09418196
989.0 0.9434732 0.05123956 -0.09418285
990.0 0.9434938 0.05123796 -0.09418375
991.0 0.943514 0.05123641 -0.09418463
992.0 0.943534 0.05123488 -0.09418551
993.0 0.9435542 0.05123335 -0.09418639
994.0 0.9435745 0.05123181 -0.09418727
995.0 0.9435949 0.05123027 -0.09418816
996.0 0.9436151 0.05122874 -0.09418905
997.0 0.943635 0.05122723 -0.09418995
998.0 0.9436546 0.05122573 -0.09419083
999.0 0.9436741 0.05122425 -0.09419171
1000.0 0.9436936 0.05122278 -0.09419259
1001.0 0.9437132 0.05122131 -0.09419346
1002.0 0.9437328 0.05121986 -0.09419435
1003.0 0.9437522 0.05121842 -0.09419523
1004.0 0.9437715 0.051217 -0.09419612
1005.0 0.9437905 0.05121559 -0.09419701
1006.0 0.9438095 0.05121419 -0.09419789
1007.0 0.9438284 0.05121279 -0.09419877
1008.0 0.9438473 0.0512114 -0.09419966
1009.0 0.9438662 0.05121003 -0.09420056
1010.0 0.943885 0.05120867 -0.09420145
1011.0 0.9439036 0.05120732 -0.09420234
1012.0 0.9439221 0.05120599 -0.09420323
1013.0 0.9439405 0.05120466 -0.09420412
1014.0 0.9439589 0.05120334 -0.09420501
1015.0 0.9439772 0.05120203 -0.0942059
1016.0 0.9439955 0.05120073 -0.0942068
1017.0 0.9440136 0.05119944 -0.09420769
1018.0 0.9440317 0.05119816 -0.09420859
1019.0 0.9440497 0.0511969 -0.0942095
1020.0 0.9440676 0.05119565 -0.0942104
1021.0 0.9440854 0.0511944 -0.0942113
1022.0 0.9441032 0.05119316 -0.09421221
1023.0 0.9441209 0.05119193 -0.09421311
