1 3.825210e-02 4.013570e-02 7.212930e-02
2 2.192250e-02 2.744580e-02 1.010520e-04
3 4.995710e-03 6.351000e-03 1.400570e-04
4 6.852740e-04 1.010180e-03 4.775070e-04
5 3.522460e-03 4.993960e-03 1.458670e-04
6 3.844480e-03 6.279620e-03 2.634520e-04
7 1.616750e-03 3.413440e-03 3.261190e-04
8 3.670460e-03 4.773190e-03 1.965510e-04
9 1.787020e-03 1.764390e-03 3.175530e-04
10 6.613660e-04 8.292630e-04 3.929050e-04
11 1.580020e-03 2.094540e-03 2.545810e-04
12 1.147870e-03 1.534640e-03 4.026980e-04
13 6.883180e-04 1.078300e-03 4.206680e-04
14 1.190410e-03 1.421590e-03 3.301460e-04
15 6.371320e-04 5.927260e-04 9.332470e-04
16 4.060010e-04 5.101290e-04 3.007560e-04
17 6.216730e-04 8.080880e-04 3.096550e-04
18 3.472000e-04 3.844550e-04 8.924240e-04
19 3.462060e-04 4.490480e-04 6.378380e-04
20 4.421740e-04 4.896420e-04 6.979390e-04
21 2.585230e-04 2.309390e-04 1.508320e-03
22 2.447700e-04 2.755350e-04 2.420670e-04
23 2.713030e-04 3.119030e-04 3.303780e-04
24 1.875550e-04 1.764970e-04 1.156110e-03
25 2.101100e-04 2.312500e-04 1.772110e-03
26 2.215660e-04 2.220770e-04 3.047760e-03
27 1.811380e-04 1.538510e-04 5.882600e-04
28 1.845250e-04 1.757680e-04 3.261800e-04
29 1.846250e-04 1.752930e-04 3.539520e-04
30 1.679950e-04 1.453500e-04 6.687340e-04
31 1.708110e-04 1.606150e-04 1.884770e-03
32 1.741430e-04 1.575230e-04 8.571490e-04
33 1.690880e-04 1.415740e-04 5.109490e-04
34 1.697400e-04 1.469070e-04 2.864200e-04
35 1.678590e-04 1.481710e-04 2.900560e-04
36 1.640300e-04 1.447460e-04 5.243500e-04
37 1.628810e-04 1.488510e-04 5.182720e-04
38 1.644350e-04 1.479320e-04 6.979090e-04
39 1.627200e-04 1.451550e-04 4.282360e-04
40 1.637220e-04 1.473860e-04 4.112810e-04
41 1.630990e-04 1.514320e-04 4.494680e-04
42 1.601860e-04 1.510670e-04 3.668000e-04
43 1.587610e-04 1.552650e-04 3.506870e-04
44 1.571700e-04 1.585350e-04 5.019360e-04
45 1.546190e-04 1.575090e-04 3.692370e-04
46 1.536790e-04 1.590810e-04 4.814900e-04
47 1.523930e-04 1.597520e-04 4.535930e-04
48 1.506190e-04 1.611400e-04 2.885370e-04
49 1.496650e-04 1.647160e-04 4.213020e-04
50 1.472720e-04 1.657590e-04 3.853970e-04
51 1.445260e-04 1.668770e-04 3.700980e-04
52 1.421420e-04 1.683380e-04 4.012190e-04
53 1.402440e-04 1.700900e-04 3.983800e-04
54 1.386240e-04 1.720030e-04 3.656130e-04
55 1.366660e-04 1.737550e-04 3.402980e-04
56 1.341260e-04 1.750370e-04 3.436200e-04
57 1.312300e-04 1.757480e-04 3.285890e-04
58 1.285400e-04 1.761300e-04 2.708940e-04
59 1.260690e-04 1.766700e-04 4.454550e-04
60 1.229210e-04 1.769660e-04 3.020350e-04
61 1.208500e-04 1.778030e-04 3.061380e-04
62 1.187790e-04 1.791530e-04 2.682940e-04
63 1.162780e-04 1.803500e-04 2.047610e-04
64 1.134460e-04 1.812090e-04 3.856840e-04
65 1.100470e-04 1.815010e-04 2.334950e-04
66 1.069300e-04 1.808450e-04 2.429630e-04
67 1.041610e-04 1.799920e-04 3.786300e-04
68 1.014110e-04 1.799610e-04 2.624250e-04
69 9.945300e-05 1.792050e-04 2.209470e-04
70 9.744470e-05 1.789050e-04 3.271510e-04
71 9.480280e-05 1.785730e-04 1.752290e-04
72 9.238830e-05 1.777020e-04 3.430830e-04
73 8.994250e-05 1.772860e-04 1.931700e-04
74 8.770900e-05 1.753570e-04 1.681470e-04
75 8.558670e-05 1.737140e-04 2.801100e-04
76 8.343970e-05 1.730610e-04 3.153690e-04
77 8.144740e-05 1.724500e-04 2.130680e-04
78 7.957290e-05 1.693510e-04 1.895220e-04
79 7.801600e-05 1.669200e-04 2.469290e-04
80 7.610100e-05 1.656490e-04 2.681660e-04
81 7.433870e-05 1.644040e-04 1.516140e-04
82 7.262510e-05 1.612630e-04 1.409290e-04
83 7.111420e-05 1.585930e-04 2.316500e-04
84 6.947120e-05 1.569760e-04 1.325920e-04
85 6.865950e-05 1.546530e-04 2.335790e-04
86 6.745460e-05 1.532930e-04 1.418150e-04
87 6.711650e-05 1.509990e-04 1.293940e-04
88 6.653860e-05 1.494730e-04 1.923890e-04
89 6.495200e-05 1.487410e-04 1.147110e-04
90 6.418800e-05 1.480920e-04 1.917170e-04
91 6.273340e-05 1.479590e-04 1.248260e-04
92 6.246220e-05 1.484640e-04 1.156560e-04
93 6.194800e-05 1.498390e-04 1.689960e-04
94 6.032420e-05 1.507080e-04 1.136110e-04
95 5.974420e-05 1.537120e-04 1.074840e-04
96 5.905780e-05 1.570660e-04 1.641550e-04
97 5.754340e-05 1.593900e-04 1.129300e-04
98 5.700530e-05 1.634040e-04 1.069090e-04
99 5.632670e-05 1.674770e-04 8.964950e-05
100 5.538740e-05 1.716580e-04 1.389580e-04
101 5.374640e-05 1.750530e-04 1.048240e-04
102 5.301120e-05 1.800280e-04 1.126970e-04
103 5.236380e-05 1.849810e-04 1.072180e-04
104 5.164190e-05 1.896970e-04 9.352680e-05
105 5.078200e-05 1.941210e-04 1.329590e-04
106 4.933210e-05 1.972170e-04 1.085260e-04
107 4.866030e-05 2.011190e-04 1.127610e-04
108 4.805540e-05 2.049200e-04 1.032810e-04
109 4.739500e-05 2.085080e-04 8.664050e-05
110 4.663200e-05 2.117770e-04 1.228530e-04
111 4.534610e-05 2.135570e-04 1.003210e-04
112 4.471420e-05 2.156380e-04 1.074620e-04
113 4.418620e-05 2.173630e-04 1.022070e-04
114 4.365580e-05 2.187760e-04 8.772010e-05
115 4.305320e-05 2.198610e-04 1.140900e-04
116 4.198630e-05 2.195960e-04 9.495040e-05
117 4.141270e-05 2.192570e-04 9.927140e-05
118 4.091770e-05 2.184860e-04 9.275370e-05
119 4.043870e-05 2.174180e-04 7.809380e-05
120 3.991550e-05 2.160900e-04 1.040980e-04
121 3.901010e-05 2.137330e-04 8.586760e-05
122 3.853520e-05 2.110980e-04 9.114210e-05
123 3.812880e-05 2.083110e-04 8.626430e-05
124 3.772620e-05 2.055140e-04 7.281850e-05
125 3.727290e-05 2.026880e-04 9.328300e-05
126 3.648640e-05 1.991030e-04 7.839150e-05
127 3.603830e-05 1.950470e-04 8.233150e-05
128 3.565390e-05 1.909000e-04 7.686940e-05
129 3.528070e-05 1.868530e-04 9.756410e-05
130 3.464150e-05 1.828640e-04 7.805780e-05
131 3.433400e-05 1.781860e-04 7.513000e-05
132 3.400780e-05 1.735240e-04 6.359290e-05
133 3.363630e-05 1.689660e-04 8.093770e-05
134 3.304380e-05 1.643070e-04 6.515000e-05
135 3.270460e-05 1.588440e-04 6.686510e-05
136 3.240080e-05 1.533310e-04 6.093920e-05
137 3.209120e-05 1.480460e-04 7.912100e-05
138 3.159070e-05 1.431800e-04 6.418730e-05
139 3.131720e-05 1.376370e-04 6.255680e-05
140 3.104940e-05 1.323930e-04 8.180910e-05
141 3.061080e-05 1.279840e-04 6.335040e-05
142 3.037540e-05 1.227460e-04 5.808010e-05
143 3.012340e-05 1.179720e-04 7.211240e-05
144 2.970120e-05 1.140050e-04 5.361470e-05
145 2.947010e-05 1.093930e-04 7.797350e-05
146 2.909500e-05 1.057430e-04 5.972710e-05
147 2.891050e-05 1.010220e-04 5.382250e-05
148 2.871080e-05 9.699830e-05 6.490270e-05
149 2.833810e-05 9.386870e-05 7.333010e-05
150 2.800320e-05 9.091070e-05 5.485550e-05
151 2.783780e-05 8.686410e-05 5.137140e-05
152 2.764870e-05 8.339720e-05 6.070020e-05
153 2.728600e-05 8.083580e-05 6.605200e-05
154 2.695290e-05 7.838900e-05 4.944670e-05
155 2.676520e-05 7.481060e-05 4.522440e-05
156 2.656650e-05 7.179470e-05 5.498840e-05
157 2.622180e-05 6.970900e-05 6.125650e-05
158 2.590470e-05 6.771940e-05 4.424120e-05
159 2.572180e-05 6.474570e-05 6.684750e-05
160 2.542080e-05 6.290070e-05 4.426470e-05
161 2.523810e-05 6.017280e-05 5.725390e-05
162 2.491810e-05 5.855210e-05 6.072890e-05
163 2.462010e-05 5.694110e-05 4.083650e-05
164 2.443160e-05 5.437650e-05 5.724060e-05
165 2.413170e-05 5.295750e-05 6.040710e-05
166 2.385830e-05 5.152290e-05 3.895670e-05
167 2.368850e-05 4.919870e-05 5.336160e-05
168 2.339880e-05 4.802960e-05 5.470610e-05
169 2.312360e-05 4.688540e-05 3.416040e-05
170 2.293370e-05 4.499650e-05 4.968490e-05
171 2.265120e-05 4.401680e-05 5.273630e-05
172 2.238520e-05 4.301430e-05 3.279690e-05
173 2.220650e-05 4.125180e-05 4.904400e-05
174 2.194030e-05 4.041760e-05 5.140970e-05
175 2.169310e-05 3.955660e-05 3.170370e-05
176 2.152810e-05 3.798740e-05 4.612540e-05
177 2.127020e-05 3.726550e-05 4.800540e-05
178 2.102690e-05 3.651830e-05 5.389390e-05
179 2.079850e-05 3.565950e-05 3.222440e-05
180 2.066400e-05 3.412190e-05 4.554960e-05
181 2.041250e-05 3.350330e-05 4.428330e-05
182 2.017360e-05 3.291210e-05 4.783920e-05
183 1.994720e-05 3.225600e-05 2.734420e-05
184 1.979790e-05 3.105510e-05 4.206110e-05
185 1.956910e-05 3.053060e-05 4.266550e-05
186 1.935970e-05 3.000080e-05 4.748340e-05
187 1.916800e-05 2.939640e-05 2.752230e-05
188 1.906120e-05 2.832300e-05 4.084080e-05
189 1.885580e-05 2.789470e-05 4.054620e-05
190 1.865680e-05 2.747960e-05 4.426870e-05
191 1.846820e-05 2.701780e-05 2.507740e-05
192 1.835210e-05 2.615020e-05 3.804670e-05
193 1.816090e-05 2.575790e-05 3.825530e-05
194 1.798230e-05 2.535330e-05 4.233950e-05
195 1.781770e-05 2.488750e-05 2.389060e-05
196 1.773360e-05 2.406420e-05 3.697690e-05
197 1.756210e-05 2.372130e-05 3.720500e-05
198 1.739900e-05 2.339910e-05 4.100550e-05
199 1.724970e-05 2.305330e-05 2.329480e-05
200 1.718760e-05 2.245740e-05 3.496550e-05
201 1.703290e-05 2.215170e-05 3.495540e-05
202 1.688480e-05 2.184270e-05 3.855830e-05
203 1.675120e-05 2.149430e-05 2.152100e-05
204 1.669770e-05 2.088750e-05 3.365690e-05
205 1.655610e-05 2.060660e-05 3.394250e-05
206 1.641880e-05 2.033860e-05 3.758980e-05
207 1.629760e-05 2.005290e-05 2.153360e-05
208 1.626450e-05 1.959070e-05 3.212320e-05
209 1.613910e-05 1.934650e-05 3.219700e-05
210 1.601890e-05 1.910490e-05 3.539580e-05
211 1.591470e-05 1.885040e-05 1.975880e-05
212 1.590260e-05 1.848120e-05 3.093820e-05
213 1.579210e-05 1.827010e-05 3.129230e-05
214 1.568420e-05 1.806770e-05 3.472760e-05
215 1.559140e-05 1.786460e-05 1.984090e-05
216 1.558200e-05 1.758040e-05 2.944400e-05
217 1.548020e-05 1.739040e-05 2.950600e-05
218 1.538070e-05 1.719790e-05 3.240620e-05
219 1.529520e-05 1.700260e-05 1.822580e-05
220 1.530230e-05 1.675370e-05 2.855140e-05
221 1.521650e-05 1.658030e-05 2.905470e-05
222 1.513530e-05 1.641840e-05 3.235150e-05
223 1.507230e-05 1.627010e-05 1.849890e-05
224 1.509690e-05 1.610510e-05 2.717210e-05
225 1.501690e-05 1.595980e-05 2.711870e-05
226 1.493730e-05 1.581160e-05 2.978270e-05
227 1.487200e-05 1.566940e-05 3.338030e-05
228 1.483580e-05 1.553830e-05 1.846720e-05
229 1.490730e-05 1.542730e-05 2.655400e-05
230 1.484440e-05 1.531040e-05 2.543380e-05
231 1.477240e-05 1.519210e-05 2.701540e-05
232 1.470760e-05 1.509180e-05 3.034750e-05
233 1.466870e-05 1.500830e-05 1.738420e-05
234 1.473040e-05 1.493880e-05 2.544890e-05
235 1.468100e-05 1.483380e-05 2.462740e-05
236 1.462670e-05 1.472180e-05 2.668180e-05
237 1.458260e-05 1.462240e-05 3.001610e-05
238 1.456610e-05 1.455180e-05 1.668080e-05
239 1.467120e-05 1.457040e-05 2.445550e-05
240 1.463010e-05 1.450600e-05 2.350330e-05
241 1.458020e-05 1.443510e-05 2.513530e-05
242 1.454070e-05 1.438170e-05 2.827570e-05
243 1.453200e-05 1.434940e-05 1.606800e-05
244 1.465030e-05 1.439500e-05 2.334670e-05
245 1.462110e-05 1.432590e-05 2.259800e-05
246 1.458540e-05 1.424080e-05 2.471170e-05
247 1.456590e-05 1.417850e-05 2.823540e-05
248 1.458480e-05 1.416280e-05 1.599500e-05
249 1.475860e-05 1.432800e-05 2.334550e-05
250 1.474000e-05 1.430070e-05 2.219370e-05
251 1.470640e-05 1.425140e-05 2.380360e-05
252 1.468410e-05 1.422370e-05 2.679790e-05
253 1.469830e-05 1.424080e-05 1.522500e-05
254 1.487050e-05 1.444650e-05 2.208720e-05
255 1.485710e-05 1.440830e-05 2.172030e-05
256 1.484210e-05 1.436090e-05 2.414830e-05
257 1.485450e-05 1.435260e-05 1.450470e-05
258 1.504220e-05 1.459480e-05 2.236920e-05
259 1.504240e-05 1.459580e-05 2.326720e-05
260 1.505390e-05 1.461560e-05 2.618190e-05
261 1.509540e-05 1.468860e-05 1.495370e-05
262 1.529970e-05 1.500430e-05 2.147950e-05
263 1.529090e-05 1.498350e-05 2.147300e-05
264 1.528450e-05 1.495910e-05 2.438900e-05
265 1.531940e-05 1.499090e-05 1.469590e-05
266 1.557630e-05 1.535860e-05 2.248590e-05
267 1.559890e-05 1.539050e-05 2.333010e-05
268 1.563460e-05 1.543810e-05 1.436290e-05
269 1.584990e-05 1.579480e-05 2.058500e-05
270 1.584790e-05 1.577120e-05 2.231280e-05
271 1.587190e-05 1.579330e-05 1.428740e-05
272 1.612160e-05 1.619980e-05 2.197310e-05
273 1.614990e-05 1.622440e-05 2.413520e-05
274 1.621450e-05 1.630990e-05 1.489040e-05
275 1.651770e-05 1.680650e-05 2.176580e-05
276 1.654280e-05 1.681690e-05 2.311120e-05
277 1.659030e-05 1.686560e-05 1.463580e-05
278 1.688200e-05 1.734100e-05 2.164850e-05
279 1.691430e-05 1.734590e-05 2.397200e-05
280 1.698780e-05 1.741860e-05 1.516380e-05
281 1.734260e-05 1.795520e-05 2.243730e-05
282 1.738990e-05 1.798570e-05 2.420950e-05
283 1.746620e-05 1.806610e-05 1.516970e-05
284 1.782200e-05 1.860630e-05 2.213820e-05
285 1.786450e-05 1.862080e-05 2.436750e-05
286 1.794550e-05 1.869560e-05 1.564140e-05
287 1.834390e-05 1.926230e-05 2.298900e-05
288 1.840180e-05 1.929640e-05 1.449870e-05
289 1.871540e-05 1.972940e-05 2.007960e-05
290 1.872490e-05 1.966810e-05 2.436120e-05
291 1.880630e-05 1.973350e-05 1.711050e-05
292 1.929000e-05 2.037640e-05 1.557770e-05
293 1.964080e-05 2.084990e-05 1.813960e-05
294 1.960710e-05 2.070410e-05 2.070530e-05
295 1.961230e-05 2.064590e-05 1.666290e-05
296 2.003150e-05 2.119730e-05 1.656990e-05
297 2.042700e-05 2.170190e-05 2.042980e-05
298 2.043660e-05 2.163660e-05 1.565370e-05
299 2.078400e-05 2.203690e-05 2.247510e-05
300 2.082540e-05 2.201690e-05 1.759340e-05
301 2.127700e-05 2.251800e-05 1.629060e-05
302 2.164650e-05 2.294910e-05 1.978970e-05
303 2.163320e-05 2.283550e-05 1.564860e-05
304 2.198510e-05 2.324790e-05 2.361540e-05
305 2.204550e-05 2.324650e-05 1.921090e-05
306 2.259440e-05 2.380670e-05 1.791560e-05
307 2.303200e-05 2.426940e-05 2.043360e-05
308 2.301460e-05 2.414900e-05 1.602270e-05
309 2.336650e-05 2.455340e-05 2.399610e-05
310 2.341810e-05 2.453550e-05 2.020190e-05
311 2.400970e-05 2.509510e-05 1.935610e-05
312 2.450750e-05 2.557850e-05 2.139610e-05
313 2.449830e-05 2.546890e-05 1.742950e-05
314 2.491280e-05 2.590270e-05 1.686210e-05
315 2.529500e-05 2.627430e-05 2.208620e-05
316 2.529880e-05 2.616510e-05 2.056270e-05
317 2.586400e-05 2.661170e-05 2.029370e-05
318 2.639870e-05 2.707940e-05 2.370350e-05
319 2.642030e-05 2.702350e-05 2.020340e-05
320 2.696760e-05 2.754390e-05 1.914010e-05
321 2.743700e-05 2.798590e-05 2.265720e-05
322 2.742690e-05 2.786530e-05 2.092450e-05
323 2.798860e-05 2.828650e-05 2.063650e-05
324 2.852910e-05 2.871210e-05 2.444890e-05
325 2.855580e-05 2.864190e-05 2.194230e-05
326 2.919190e-05 2.915190e-05 2.108590e-05
327 2.974910e-05 2.961630e-05 2.412850e-05
328 2.975300e-05 2.951180e-05 2.186200e-05
329 3.035930e-05 2.996000e-05 2.133470e-05
330 3.092260e-05 3.037800e-05 1.779760e-05
331 3.134600e-05 3.069830e-05 2.162800e-05
332 3.129670e-05 3.048430e-05 2.195480e-05
333 3.191700e-05 3.086990e-05 2.346660e-05
334 3.259790e-05 3.133470e-05 2.106060e-05
335 3.314490e-05 3.174000e-05 2.378080e-05
336 3.310590e-05 3.156800e-05 2.291000e-05
337 3.374170e-05 3.198580e-05 2.337180e-05
338 3.437810e-05 3.240020e-05 2.030410e-05
339 3.488340e-05 3.272750e-05 2.337530e-05
340 3.483130e-05 3.251100e-05 2.355160e-05
341 3.552610e-05 3.287740e-05 1.549420e-05
342 3.646430e-05 3.380820e-05 2.349890e-05
343 3.638820e-05 3.344710e-05 2.169610e-05
344 3.693050e-05 3.355140e-05 2.197090e-05
345 3.752650e-05 3.381780e-05 2.012790e-05
346 3.807700e-05 3.409040e-05 1.838500e-05
347 3.861470e-05 3.439560e-05 1.759710e-05
348 3.899110e-05 3.457240e-05 1.885660e-05
349 3.930970e-05 3.461290e-05 2.055380e-05
350 3.972500e-05 3.466510e-05 2.161070e-05
351 4.026620e-05 3.482110e-05 2.171830e-05
352 4.085830e-05 3.505790e-05 2.089350e-05
353 4.139300e-05 3.529920e-05 1.996770e-05
354 4.181680e-05 3.547400e-05 1.968280e-05
355 4.217280e-05 3.555930e-05 2.014270e-05
356 4.255130e-05 3.559830e-05 2.098160e-05
357 4.300460e-05 3.565590e-05 2.166420e-05
358 4.351480e-05 3.576280e-05 2.178490e-05
359 4.402060e-05 3.589710e-05 2.142020e-05
360 4.447040e-05 3.601900e-05 2.087690e-05
361 4.485550e-05 3.609580e-05 2.061740e-05
362 4.520980e-05 3.612270e-05 2.077410e-05
363 4.557580e-05 3.612250e-05 2.124190e-05
364 4.597180e-05 3.612660e-05 2.164270e-05
365 4.638640e-05 3.615060e-05 2.176700e-05
366 4.678910e-05 3.618370e-05 2.155360e-05
367 4.715590e-05 3.620490e-05 2.122260e-05
368 4.748140e-05 3.619620e-05 2.098200e-05
369 4.777900e-05 3.615410e-05 2.099720e-05
370 4.807030e-05 3.608940e-05 2.118570e-05
371 4.836920e-05 3.601940e-05 2.140710e-05
372 4.866990e-05 3.595300e-05 2.148500e-05
373 4.895910e-05 3.588710e-05 2.139750e-05
374 4.922460e-05 3.581100e-05 2.119150e-05
375 4.945940e-05 3.571540e-05 2.100870e-05
376 4.966850e-05 3.559750e-05 2.091570e-05
377 4.986130e-05 3.546130e-05 2.093120e-05
378 5.004660e-05 3.531410e-05 2.097380e-05
379 5.022340e-05 3.516170e-05 2.098200e-05
380 5.038690e-05 3.500390e-05 2.090330e-05
381 5.052810e-05 3.483690e-05 2.076630e-05
382 5.064300e-05 3.465570e-05 2.061160e-05
383 5.073340e-05 3.445870e-05 2.049630e-05
384 5.080460e-05 3.424750e-05 2.042250e-05
385 5.085920e-05 3.402580e-05 1.219710e-05
386 5.103790e-05 3.411400e-05 1.692370e-05
387 5.087260e-05 3.364730e-05 1.710880e-05
388 5.078740e-05 3.325830e-05 1.848990e-05
389 5.075520e-05 3.294430e-05 1.200030e-05
390 5.093770e-05 3.297160e-05 1.696530e-05
391 5.083030e-05 3.257180e-05 1.682010e-05
392 5.062870e-05 3.219030e-05 1.731500e-05
393 5.044110e-05 3.184950e-05 1.821050e-05
394 5.032240e-05 3.154350e-05 1.132030e-05
395 5.033610e-05 3.157800e-05 1.579180e-05
396 5.000140e-05 3.108670e-05 1.576320e-05
397 4.964670e-05 3.061830e-05 1.666660e-05
398 4.937060e-05 3.023780e-05 1.068940e-05
399 4.925610e-05 3.016360e-05 1.544970e-05
400 4.895540e-05 2.970350e-05 1.554960e-05
401 4.860700e-05 2.927790e-05 1.619910e-05
402 4.827380e-05 2.889620e-05 1.010750e-05
403 4.807540e-05 2.879810e-05 1.445840e-05
404 4.768520e-05 2.830080e-05 1.466350e-05
405 4.728860e-05 2.783280e-05 1.556750e-05
406 4.695140e-05 2.743470e-05 9.815740e-06
407 4.674500e-05 2.731550e-05 1.407060e-05
408 4.637110e-05 2.682910e-05 1.404940e-05
409 4.597000e-05 2.637560e-05 8.695560e-06
410 4.565660e-05 2.616090e-05 1.284800e-05
411 4.525440e-05 2.566040e-05 1.352270e-05
412 4.489960e-05 2.522240e-05 8.660900e-06
413 4.464080e-05 2.503030e-05 1.277980e-05
414 4.426920e-05 2.454920e-05 1.306470e-05
415 4.389470e-05 2.411720e-05 8.137490e-06
416 4.358640e-05 2.391140e-05 1.187440e-05
417 4.319350e-05 2.342640e-05 1.232520e-05
418 4.281980e-05 2.299150e-05 7.846220e-06
419 4.251730e-05 2.278350e-05 1.160110e-05
420 4.213820e-05 2.231380e-05 1.199620e-05
421 4.176620e-05 2.189730e-05 7.518920e-06
422 4.144480e-05 2.169400e-05 1.098240e-05
423 4.105480e-05 2.123620e-05 1.132870e-05
424 4.067110e-05 2.082440e-05 7.164240e-06
425 4.033800e-05 2.061520e-05 1.051050e-05
426 3.994730e-05 2.016920e-05 1.090220e-05
427 3.956500e-05 1.977330e-05 6.865690e-06
428 3.922720e-05 1.957360e-05 1.002840e-05
429 3.883430e-05 1.914610e-05 1.035350e-05
430 3.844630e-05 1.876410e-05 6.529530e-06
431 3.809830e-05 1.856580e-05 9.508290e-06
432 3.770300e-05 1.815260e-05 9.858510e-06
433 3.731600e-05 1.778480e-05 6.220060e-06
434 3.696650e-05 1.759610e-05 9.033980e-06
435 3.657320e-05 1.720130e-05 9.362880e-06
436 3.618770e-05 1.684900e-05 5.916470e-06
437 3.583730e-05 1.666720e-05 8.555930e-06
438 3.544730e-05 1.628880e-05 8.886470e-06
439 3.506550e-05 1.595120e-05 5.640750e-06
440 3.471670e-05 1.577830e-05 8.099930e-06
441 3.433140e-05 1.541780e-05 8.423980e-06
442 3.395480e-05 1.509640e-05 5.371280e-06
443 3.360850e-05 1.493350e-05 7.654390e-06
444 3.322870e-05 1.459070e-05 7.976150e-06
445 3.285750e-05 1.428420e-05 8.556250e-06
446 3.250660e-05 1.401430e-05 5.396890e-06
447 3.218770e-05 1.390320e-05 7.302860e-06
448 3.181370e-05 1.358110e-05 7.343270e-06
449 3.142700e-05 1.327630e-05 7.765520e-06
450 3.107040e-05 1.301950e-05 4.967450e-06
451 3.074950e-05 1.290080e-05 6.831070e-06
452 3.040170e-05 1.260850e-05 6.972380e-06
453 3.004870e-05 1.233750e-05 7.353770e-06
454 2.971030e-05 1.210420e-05 7.726500e-06
455 2.938840e-05 1.189070e-05 4.777420e-06
456 2.908890e-05 1.181720e-05 6.145160e-06
457 2.872960e-05 1.153390e-05 6.195500e-06
458 2.836630e-05 1.126530e-05 6.623680e-06
459 2.804670e-05 1.105040e-05 7.156060e-06
460 2.773980e-05 1.085690e-05 7.394390e-06
461 2.746480e-05 1.068570e-05 7.236740e-06
462 2.717400e-05 1.051820e-05 6.854190e-06
463 2.685080e-05 1.033890e-05 6.538250e-06
464 2.651150e-05 1.014810e-05 6.461260e-06
465 2.618260e-05 9.957660e-06 6.568310e-06
466 2.587760e-05 9.778140e-06 6.670730e-06
467 2.559290e-05 9.613520e-06 6.634020e-06
468 2.531420e-05 9.458870e-06 6.453370e-06
469 2.502950e-05 9.304720e-06 6.216190e-06
470 2.473700e-05 9.146070e-06 6.030140e-06
471 2.444240e-05 8.984530e-06 5.941240e-06
472 2.415450e-05 8.825430e-06 5.908750e-06
473 2.387730e-05 8.674340e-06 5.860840e-06
474 2.360880e-05 8.532160e-06 5.757250e-06
475 2.334390e-05 8.395740e-06 5.606230e-06
476 2.307870e-05 8.260570e-06 5.445200e-06
477 2.281260e-05 8.124180e-06 5.312610e-06
478 2.254780e-05 7.987160e-06 5.216140e-06
479 2.228720e-05 7.852550e-06 5.131430e-06
480 2.203190e-05 7.722700e-06 5.043590e-06
481 2.178180e-05 7.599160e-06 4.940540e-06
482 2.153510e-05 7.480320e-06 4.828010e-06
483 2.129060e-05 7.363580e-06 4.718760e-06
484 2.104790e-05 7.247210e-06 4.622560e-06
485 2.080730e-05 7.131130e-06 4.544000e-06
486 2.056980e-05 7.016690e-06 4.482520e-06
487 2.033570e-05 6.905330e-06 4.436930e-06
488 2.010500e-05 6.797670e-06 4.397960e-06
489 1.987750e-05 6.693300e-06 4.369900e-06
490 1.965320e-05 6.591420e-06 4.360270e-06
491 1.943170e-05 6.491290e-06 4.378150e-06
492 1.921290e-05 6.392690e-06 4.420490e-06
493 1.899640e-05 6.295660e-06 4.461690e-06
494 1.878280e-05 6.200440e-06 4.493580e-06
495 1.857210e-05 6.107270e-06 4.510850e-06
496 1.836450e-05 6.016200e-06 4.514420e-06
497 1.816010e-05 5.927180e-06 4.508520e-06
498 1.795890e-05 5.840080e-06 4.497060e-06
499 1.776070e-05 5.754810e-06 4.483060e-06
500 1.756510e-05 5.671250e-06 4.465210e-06
501 1.737200e-05 5.589320e-06 4.442110e-06
502 1.718120e-05 5.508900e-06 4.412440e-06
503 1.699290e-05 5.429950e-06 4.375950e-06
504 1.680710e-05 5.352490e-06 4.334750e-06
505 1.662400e-05 5.276610e-06 4.291250e-06
506 1.644350e-05 5.202450e-06 4.247280e-06
507 1.626540e-05 5.130010e-06 4.203620e-06
508 1.608970e-05 5.059170e-06 4.159910e-06
509 1.591620e-05 4.989860e-06 4.115410e-06
510 1.574460e-05 4.922020e-06 4.069970e-06
511 1.557520e-05 4.855540e-06 4.023700e-06
512 1.540810e-05 4.790430e-06 3.977290e-06
513 1.524330e-05 4.726730e-06 3.931350e-06
514 1.508080e-05 4.664410e-06 3.886300e-06
515 1.492040e-05 4.603430e-06 3.842240e-06
516 1.476210e-05 4.543800e-06 3.798810e-06
517 1.460580e-05 4.485600e-06 3.755690e-06
518 1.445150e-05 4.428700e-06 3.712710e-06
519 1.429920e-05 4.373020e-06 3.670010e-06
520 1.414870e-05 4.318460e-06 3.627800e-06
521 1.400000e-05 4.265130e-06 3.586290e-06
522 1.385330e-05 4.213060e-06 3.545620e-06
523 1.370840e-05 4.162100e-06 3.505640e-06
524 1.356530e-05 4.112280e-06 3.466170e-06
525 1.342400e-05 4.063660e-06 3.427130e-06
526 1.328460e-05 4.016150e-06 3.388410e-06
527 1.314690e-05 3.969730e-06 3.350110e-06
528 1.301100e-05 3.924310e-06 3.312300e-06
529 1.287680e-05 3.879870e-06 3.275150e-06
530 1.274430e-05 3.836310e-06 3.238630e-06
531 1.261350e-05 3.793690e-06 3.202670e-06
532 1.248450e-05 3.752040e-06 3.167160e-06
533 1.235710e-05 3.711290e-06 3.132030e-06
534 1.223130e-05 3.671410e-06 3.097310e-06
535 1.210720e-05 3.632360e-06 3.062990e-06
536 1.198480e-05 3.594220e-06 3.029120e-06
537 1.186400e-05 3.556880e-06 2.995730e-06
538 1.174470e-05 3.520230e-06 2.962810e-06
539 1.162700e-05 3.484330e-06 2.930310e-06
540 1.151060e-05 3.449150e-06 2.898250e-06
541 1.139580e-05 3.414730e-06 2.866620e-06
542 1.128250e-05 3.381010e-06 2.835490e-06
543 1.117060e-05 3.347980e-06 2.804880e-06
544 1.106020e-05 3.315660e-06 2.774790e-06
545 1.095110e-05 3.283980e-06 2.745200e-06
546 1.084340e-05 3.252920e-06 4.877450e-06
547 1.072380e-05 3.233230e-06 3.334930e-06
548 1.063100e-05 3.190040e-06 3.405000e-06
549 1.054990e-05 3.165050e-06 2.682840e-06
550 1.044700e-05 3.138800e-06 4.248830e-06
551 1.031910e-05 3.109230e-06 2.448710e-06
552 1.022890e-05 3.088560e-06 2.783830e-06
553 1.013170e-05 3.054860e-06 2.824940e-06
554 1.003820e-05 3.023580e-06 4.461190e-06
555 9.927010e-06 3.002850e-06 2.983350e-06
556 9.839740e-06 2.970470e-06 2.928810e-06
557 9.756980e-06 2.945990e-06 4.458810e-06
558 9.645380e-06 2.923780e-06 2.669010e-06
559 9.564680e-06 2.901040e-06 2.604520e-06
560 9.483460e-06 2.879250e-06 4.174570e-06
561 9.373960e-06 2.856090e-06 2.666540e-06
562 9.297140e-06 2.831650e-06 2.657520e-06
563 9.220970e-06 2.810850e-06 4.170220e-06
564 9.117940e-06 2.788520e-06 2.631100e-06
565 9.042760e-06 2.765810e-06 2.569430e-06
566 8.966730e-06 2.745230e-06 4.005930e-06
567 8.864420e-06 2.723470e-06 2.522810e-06
568 8.791130e-06 2.703740e-06 2.493530e-06
569 8.719770e-06 2.687160e-06 3.959790e-06
570 8.623630e-06 2.666200e-06 2.533390e-06
571 8.558120e-06 2.650040e-06 2.493880e-06
572 8.491210e-06 2.635070e-06 3.867580e-06
573 8.396830e-06 2.614310e-06 2.457190e-06
574 8.329100e-06 2.597620e-06 2.404120e-06
575 8.261400e-06 2.582580e-06 3.757290e-06
576 8.169890e-06 2.561930e-06 2.418010e-06
577 8.106690e-06 2.547200e-06 2.372510e-06
578 8.044530e-06 2.535900e-06 3.704080e-06
579 7.956870e-06 2.516560e-06 2.365910e-06
580 7.898020e-06 2.506740e-06 2.322730e-06
581 7.838170e-06 2.497350e-06 3.611240e-06
582 7.752720e-06 2.477880e-06 2.335370e-06
583 7.694720e-06 2.467260e-06 2.286990e-06
584 7.636290e-06 2.457700e-06 3.530570e-06
585 7.553610e-06 2.438160e-06 2.283400e-06
586 7.498590e-06 2.429380e-06 2.228260e-06
587 7.443230e-06 2.422040e-06 3.452570e-06
588 7.363070e-06 2.402930e-06 2.231900e-06
589 7.310960e-06 2.396710e-06 2.190310e-06
590 7.258410e-06 2.391310e-06 3.395920e-06
591 7.181100e-06 2.372450e-06 2.219140e-06
592 7.131810e-06 2.366970e-06 2.165760e-06
593 7.081410e-06 2.362140e-06 3.315100e-06
594 7.006270e-06 2.343140e-06 2.166540e-06
595 6.958450e-06 2.338560e-06 2.111070e-06
596 6.909700e-06 2.334740e-06 3.243580e-06
597 6.836770e-06 2.315800e-06 2.127600e-06
598 6.791750e-06 2.313000e-06 2.076910e-06
599 6.746310e-06 2.311300e-06 3.195240e-06
600 6.675700e-06 2.292670e-06 2.109730e-06
601 6.633600e-06 2.291240e-06 2.052810e-06
602 6.590320e-06 2.290430e-06 3.127090e-06
603 6.521850e-06 2.271770e-06 2.070750e-06
604 6.481090e-06 2.270780e-06 2.011640e-06
605 6.439100e-06 2.270470e-06 3.063100e-06
606 6.372510e-06 2.251840e-06 2.035990e-06
607 6.333960e-06 2.252060e-06 1.982350e-06
608 6.294640e-06 2.253090e-06 3.018510e-06
609 6.230330e-06 2.234930e-06 2.018770e-06
610 6.194830e-06 2.236630e-06 1.962640e-06
611 6.158070e-06 2.238740e-06 2.967330e-06
612 6.095530e-06 2.220900e-06 1.990900e-06
613 6.061570e-06 2.223000e-06 1.932150e-06
614 6.025930e-06 2.225450e-06 2.914270e-06
615 5.964980e-06 2.207590e-06 1.957810e-06
616 5.932930e-06 2.210550e-06 1.904470e-06
617 5.899440e-06 2.213970e-06 2.870690e-06
618 5.840170e-06 2.196280e-06 1.939430e-06
619 5.810570e-06 2.200830e-06 1.885950e-06
620 5.779200e-06 2.205350e-06 2.829790e-06
621 5.721490e-06 2.187840e-06 1.921430e-06
622 5.693320e-06 2.193040e-06 1.865040e-06
623 5.663150e-06 2.198030e-06 2.785030e-06
624 5.606870e-06 2.180480e-06 1.900350e-06
625 5.580370e-06 2.186160e-06 1.843650e-06
626 5.551950e-06 2.191880e-06 2.747620e-06
627 5.497070e-06 2.174380e-06 1.883840e-06
628 5.472740e-06 2.181280e-06 1.827350e-06
629 5.446210e-06 2.188050e-06 2.713110e-06
630 5.392600e-06 2.170610e-06 1.872070e-06
631 5.369930e-06 2.178310e-06 1.809530e-06
632 5.344770e-06 2.185540e-06 2.675890e-06
633 5.292250e-06 2.167990e-06 1.856830e-06
634 5.271200e-06 2.176200e-06 1.793140e-06
635 5.247570e-06 2.183960e-06 2.643230e-06
636 5.196240e-06 2.166370e-06 1.843400e-06
637 5.176970e-06 2.175470e-06 1.780240e-06
638 5.155030e-06 2.184030e-06 2.614000e-06
639 5.104730e-06 2.166390e-06 1.835040e-06
640 5.087200e-06 2.176250e-06 1.770820e-06
641 5.066650e-06 2.185300e-06 2.584340e-06
642 5.017390e-06 2.167530e-06 1.826190e-06
643 5.001340e-06 2.177800e-06 1.760180e-06
644 4.982200e-06 2.187270e-06 2.557110e-06
645 4.933710e-06 2.169500e-06 1.816580e-06
646 4.919270e-06 2.180350e-06 1.749730e-06
647 4.901630e-06 2.190370e-06 2.534950e-06
648 4.853980e-06 2.172800e-06 1.811980e-06
649 4.841180e-06 2.184190e-06 1.743520e-06
650 4.824810e-06 2.194490e-06 2.512290e-06
651 4.777970e-06 2.177100e-06 1.807950e-06
652 4.766370e-06 2.188680e-06 1.737350e-06
653 4.751100e-06 2.199150e-06 2.491430e-06
654 4.705050e-06 2.181960e-06 1.803150e-06
655 4.694680e-06 2.193720e-06 1.731130e-06
656 4.680620e-06 2.204510e-06 2.475260e-06
657 4.635440e-06 2.187450e-06 1.802970e-06
658 4.626350e-06 2.199560e-06 1.729160e-06
659 4.613430e-06 2.210630e-06 2.459150e-06
660 4.568980e-06 2.193620e-06 1.805450e-06
661 4.560970e-06 2.205860e-06 1.729860e-06
662 4.548990e-06 2.217020e-06 2.443600e-06
663 4.505240e-06 2.200070e-06 1.808900e-06
664 4.498330e-06 2.212360e-06 1.732560e-06
665 4.487430e-06 2.223610e-06 2.431570e-06
666 4.444390e-06 2.206850e-06 1.815070e-06
667 4.438590e-06 2.219230e-06 1.738390e-06
668 4.428780e-06 2.230580e-06 2.421030e-06
669 4.386390e-06 2.214090e-06 1.822230e-06
670 4.381610e-06 2.226330e-06 1.745380e-06
671 4.372650e-06 2.237630e-06 2.410390e-06
672 4.330890e-06 2.221320e-06 1.830260e-06
673 4.327060e-06 2.233410e-06 1.753640e-06
674 4.318980e-06 2.244610e-06 2.401570e-06
675 4.277730e-06 2.228410e-06 1.839120e-06
676 4.274740e-06 2.240350e-06 1.762770e-06
677 4.267470e-06 2.251470e-06 2.394090e-06
678 4.226710e-06 2.235380e-06 1.848330e-06
679 4.224460e-06 2.247170e-06 1.773000e-06
680 4.217890e-06 2.258120e-06 1.471310e-06
681 4.201360e-06 2.264400e-06 2.051040e-06
682 4.156590e-06 2.240710e-06 1.788040e-06
683 4.152480e-06 2.247260e-06 1.883850e-06
684 4.150800e-06 2.258810e-06 1.684690e-06
685 4.141250e-06 2.269590e-06 2.211220e-06
686 4.098720e-06 2.251130e-06 1.831330e-06
687 4.095230e-06 2.261100e-06 1.838710e-06
688 4.090520e-06 2.271260e-06 1.595790e-06
689 4.077920e-06 2.278020e-06 2.136650e-06
690 4.035620e-06 2.257270e-06 1.852490e-06
691 4.034530e-06 2.264220e-06 1.903680e-06
692 4.033420e-06 2.274650e-06 1.665390e-06
693 4.023170e-06 2.283540e-06 2.142760e-06
694 3.981220e-06 2.263950e-06 1.843470e-06
695 3.978100e-06 2.271620e-06 1.882650e-06
696 3.974990e-06 2.280670e-06 1.653070e-06
697 3.964590e-06 2.287550e-06 2.141210e-06
698 3.923710e-06 2.267750e-06 1.879900e-06
699 3.923350e-06 2.274050e-06 1.925090e-06
700 3.922350e-06 2.283190e-06 1.681630e-06
701 3.912530e-06 2.290700e-06 2.124900e-06
702 3.871600e-06 2.271280e-06 1.870840e-06
703 3.869540e-06 2.277070e-06 1.917640e-06
704 3.867390e-06 2.284830e-06 1.680700e-06
705 3.857590e-06 2.290870e-06 2.121380e-06
706 3.817490e-06 2.271550e-06 1.894260e-06
707 3.817250e-06 2.276430e-06 1.944470e-06
708 3.816440e-06 2.283940e-06 1.701580e-06
709 3.807070e-06 2.290060e-06 2.114490e-06
710 3.767180e-06 2.270820e-06 1.890890e-06
711 3.765790e-06 2.275040e-06 1.940520e-06
712 3.763980e-06 2.281390e-06 1.699530e-06
713 3.754450e-06 2.286230e-06 2.102350e-06
714 3.715190e-06 2.266880e-06 1.899870e-06
715 3.714730e-06 2.269950e-06 1.954000e-06
716 3.713710e-06 2.275730e-06 1.714300e-06
717 3.704480e-06 2.280350e-06 1.378810e-06
718 3.686990e-06 2.280930e-06 1.926740e-06
719 3.646720e-06 2.257090e-06 1.937980e-06
720 3.645790e-06 2.253650e-06 1.260960e-06
721 3.655350e-06 2.293760e-06 1.443090e-06
722 3.639340e-06 2.276720e-06 1.681870e-06
723 3.598500e-06 2.244680e-06 1.611190e-06
724 3.593100e-06 2.238990e-06 1.851130e-06
725 3.594310e-06 2.244020e-06 1.828070e-06
726 3.593090e-06 2.252370e-06 1.580870e-06
727 3.581820e-06 2.257820e-06 1.345610e-06
728 3.560660e-06 2.253630e-06 1.967350e-06
729 3.520810e-06 2.228870e-06 1.191630e-06
730 3.525850e-06 2.251150e-06 1.699040e-06
731 3.520440e-06 2.232610e-06 1.461900e-06
732 3.512130e-06 2.225140e-06 1.279700e-06
733 3.493960e-06 2.221630e-06 1.298370e-06
734 3.479880e-06 2.219370e-06 1.473380e-06
735 3.466010e-06 2.212520e-06 1.675590e-06
736 3.453640e-06 2.203570e-06 1.744690e-06
737 3.443350e-06 2.197330e-06 1.657660e-06
738 3.433300e-06 2.195700e-06 1.514560e-06
739 3.421240e-06 2.195370e-06 1.438960e-06
740 3.406200e-06 2.191780e-06 1.475130e-06
741 3.389890e-06 2.183530e-06 1.571750e-06
742 3.375450e-06 2.173650e-06 1.649460e-06
743 3.364160e-06 2.166030e-06 1.660950e-06
744 3.354530e-06 2.161580e-06 1.609330e-06
745 3.344020e-06 2.158730e-06 1.539420e-06
746 3.330920e-06 2.154940e-06 1.502980e-06
747 3.315780e-06 2.148290e-06 1.517760e-06
748 3.300690e-06 2.139210e-06 1.560350e-06
749 3.287370e-06 2.130010e-06 1.595300e-06
750 3.275930e-06 2.122600e-06 1.600260e-06
751 3.265080e-06 2.116920e-06 1.575350e-06
752 3.253310e-06 2.111700e-06 1.540250e-06
753 3.240060e-06 2.105460e-06 1.518130e-06
754 3.225970e-06 2.097610e-06 1.518280e-06
755 3.212180e-06 2.088670e-06 1.532650e-06
756 3.199390e-06 2.079870e-06 1.545400e-06
757 3.187470e-06 2.072000e-06 1.545420e-06
758 3.175730e-06 2.064890e-06 1.532360e-06
759 3.163440e-06 2.057790e-06 1.514790e-06
760 3.150440e-06 2.049980e-06 1.502800e-06
761 3.137130e-06 2.041270e-06 1.500370e-06
762 3.124090e-06 2.032090e-06 1.503780e-06
763 3.111590e-06 2.023040e-06 1.505870e-06
764 3.099480e-06 2.014450e-06 1.501800e-06
765 3.087350e-06 2.006180e-06 1.491820e-06
766 3.074920e-06 1.997820e-06 1.479930e-06
767 3.062100e-06 1.989020e-06 1.470620e-06
768 3.049110e-06 1.979700e-06 1.465800e-06
769 3.036230e-06 1.970110e-06 1.463990e-06
770 3.023660e-06 1.960550e-06 1.462030e-06
771 3.011310e-06 1.951190e-06 1.457640e-06
772 2.999030e-06 1.941940e-06 1.450580e-06
773 2.986650e-06 1.932630e-06 1.442240e-06
774 2.974120e-06 1.923090e-06 1.437710e-06
775 2.961460e-06 1.913270e-06 1.432550e-06
776 2.948820e-06 1.903270e-06 1.428230e-06
777 2.936250e-06 1.893250e-06 1.423380e-06
778 2.923770e-06 1.883290e-06 1.417380e-06
779 2.911300e-06 1.873350e-06 1.410440e-06
780 2.898790e-06 1.863360e-06 1.403380e-06
781 2.886210e-06 1.853230e-06 1.396790e-06
782 2.873590e-06 1.842940e-06 1.390680e-06
783 2.860940e-06 1.832570e-06 1.384620e-06
784 2.848270e-06 1.822150e-06 1.378160e-06
785 2.835580e-06 1.811740e-06 1.371130e-06
786 2.822880e-06 1.801320e-06 1.363790e-06
787 2.810160e-06 1.790850e-06 1.356460e-06
788 2.797410e-06 1.780320e-06 1.349290e-06
789 2.784650e-06 1.769720e-06 1.342220e-06
790 2.771860e-06 1.759070e-06 1.335100e-06
791 2.759050e-06 1.748390e-06 1.327780e-06
792 2.746210e-06 1.737690e-06 1.320320e-06
793 2.733320e-06 1.726950e-06 1.312860e-06
794 2.720410e-06 1.716190e-06 1.305490e-06
795 2.707490e-06 1.705400e-06 1.298150e-06
796 2.694560e-06 1.694590e-06 1.290720e-06
797 2.681620e-06 1.683770e-06 1.283070e-06
798 2.668680e-06 1.672920e-06 1.275200e-06
799 2.655720e-06 1.662060e-06 1.267220e-06
800 2.642730e-06 1.651170e-06 1.259300e-06
801 2.629710e-06 1.640270e-06 1.251540e-06
802 2.616680e-06 1.629360e-06 1.243940e-06
803 2.603640e-06 1.618440e-06 1.236370e-06
804 2.590620e-06 1.607520e-06 1.228670e-06
805 2.577610e-06 1.596610e-06 1.220750e-06
806 2.564580e-06 1.585700e-06 1.212660e-06
807 2.551540e-06 1.574790e-06 1.204500e-06
808 2.538490e-06 1.563870e-06 1.196390e-06
809 2.525420e-06 1.552950e-06 1.188390e-06
810 2.512350e-06 1.542040e-06 1.180510e-06
811 2.499280e-06 1.531140e-06 1.172650e-06
812 2.486200e-06 1.520270e-06 1.164740e-06
813 2.473130e-06 1.509410e-06 1.156710e-06
814 2.460060e-06 1.498570e-06 1.148590e-06
815 2.446990e-06 1.487740e-06 1.140390e-06
816 2.433930e-06 1.476920e-06 1.132210e-06
817 2.420870e-06 1.466120e-06 1.124060e-06
818 2.407810e-06 1.455340e-06 1.115980e-06
819 2.394750e-06 1.444580e-06 1.107950e-06
820 2.381700e-06 1.433860e-06 1.099930e-06
821 2.368660e-06 1.423170e-06 1.091910e-06
822 2.355630e-06 1.412510e-06 1.083850e-06
823 2.342610e-06 1.401880e-06 1.075740e-06
824 2.329610e-06 1.391280e-06 1.067590e-06
825 2.316620e-06 1.380720e-06 1.059430e-06
826 2.303650e-06 1.370190e-06 1.051270e-06
827 2.290690e-06 1.359690e-06 1.043140e-06
828 2.277750e-06 1.349240e-06 1.032690e-06
829 2.264850e-06 1.338840e-06 1.023460e-06
830 2.251950e-06 1.328480e-06 1.014300e-06
831 2.239040e-06 1.318150e-06 1.005710e-06
832 2.226150e-06 1.307850e-06 9.977170e-07
833 2.213300e-06 1.297580e-06 9.899910e-07
834 2.200480e-06 1.287370e-06 9.821510e-07
835 2.187700e-06 1.277230e-06 9.739990e-07
836 2.174950e-06 1.267160e-06 9.656300e-07
837 2.162220e-06 1.257150e-06 9.572740e-07
838 2.149500e-06 1.247180e-06 9.491320e-07
839 2.136810e-06 1.237240e-06 9.412600e-07
840 2.124150e-06 1.227340e-06 9.335650e-07
841 2.111520e-06 1.217490e-06 9.258980e-07
842 2.098930e-06 1.207700e-06 9.181620e-07
843 2.086380e-06 1.197980e-06 9.103870e-07
844 2.073870e-06 1.188330e-06 9.026140e-07
845 2.061400e-06 1.178730e-06 8.948980e-07
846 2.048960e-06 1.169190e-06 8.872630e-07
847 2.036550e-06 1.159700e-06 8.797060e-07
848 2.024180e-06 1.150270e-06 8.722110e-07
849 2.011850e-06 1.140900e-06 8.647750e-07
850 1.999560e-06 1.131600e-06 8.573710e-07
851 1.987310e-06 1.122350e-06 8.499980e-07
852 1.975100e-06 1.113170e-06 8.426590e-07
853 1.962930e-06 1.104050e-06 8.353460e-07
854 1.950810e-06 1.095000e-06 8.280510e-07
855 1.938740e-06 1.086010e-06 8.207850e-07
856 1.926710e-06 1.077080e-06 8.135590e-07
857 1.914720e-06 1.068220e-06 8.063800e-07
858 1.902770e-06 1.059410e-06 7.992500e-07
859 1.890870e-06 1.050670e-06 7.921650e-07
860 1.879020e-06 1.042000e-06 7.851140e-07
861 1.867210e-06 1.033400e-06 7.780840e-07
862 1.855460e-06 1.024870e-06 7.710930e-07
863 1.843760e-06 1.016400e-06 7.641310e-07
864 1.832110e-06 1.008000e-06 7.572130e-07
865 1.820510e-06 9.996610e-07 7.503630e-07
866 1.808960e-06 9.913890e-07 7.435740e-07
867 1.797460e-06 9.831840e-07 7.368310e-07
868 1.786020e-06 9.750480e-07 7.301470e-07
869 1.774630e-06 9.669850e-07 7.235180e-07
870 1.763290e-06 9.589910e-07 7.169300e-07
871 1.752000e-06 9.510640e-07 7.103760e-07
872 1.740770e-06 9.432060e-07 7.038600e-07
873 1.729600e-06 9.354200e-07 6.973910e-07
874 1.718480e-06 9.277000e-07 6.909630e-07
875 1.707410e-06 9.200510e-07 6.845990e-07
876 1.696400e-06 9.124680e-07 6.782800e-07
877 1.685450e-06 9.049530e-07 6.720290e-07
878 1.674550e-06 8.975050e-07 6.658380e-07
879 1.663710e-06 8.901240e-07 6.596930e-07
880 1.652930e-06 8.828100e-07 6.536050e-07
881 1.642210e-06 8.755610e-07 6.475690e-07
882 1.631540e-06 8.683810e-07 6.415750e-07
883 1.620940e-06 8.612700e-07 6.356310e-07
884 1.610390e-06 8.542250e-07 6.297420e-07
885 1.599900e-06 8.472480e-07 9.995660e-07
886 1.582960e-06 8.425720e-07 7.415850e-07
887 1.577860e-06 8.326860e-07 7.422030e-07
888 1.572560e-06 8.261320e-07 9.893030e-07
889 1.555430e-06 8.211370e-07 6.284770e-07
890 1.548730e-06 8.149730e-07 5.961990e-07
891 1.540200e-06 8.084390e-07 8.945630e-07
892 1.523930e-06 8.014940e-07 6.471520e-07
893 1.517490e-06 7.929150e-07 6.531050e-07
894 1.510440e-06 7.859190e-07 9.498260e-07
895 1.495330e-06 7.812720e-07 6.298190e-07
896 1.489210e-06 7.747860e-07 6.042630e-07
897 1.481300e-06 7.686900e-07 8.677050e-07
898 1.465570e-06 7.629930e-07 6.013110e-07
899 1.458930e-06 7.560190e-07 6.008780e-07
900 1.451690e-06 7.497950e-07 9.003730e-07
901 1.437060e-06 7.449540e-07 6.092830e-07
902 1.431400e-06 7.384730e-07 5.922000e-07
903 1.424180e-06 7.326360e-07 8.485740e-07
904 1.409290e-06 7.275320e-07 9.960840e-07
905 1.397480e-06 7.218900e-07 6.488640e-07
906 1.394760e-06 7.156040e-07 6.229760e-07
907 1.389640e-06 7.107020e-07 7.658430e-07
908 1.374070e-06 7.039620e-07 8.350660e-07
909 1.361310e-06 6.979350e-07 5.762180e-07
910 1.357970e-06 6.942710e-07 5.951640e-07
911 1.352810e-06 6.897450e-07 8.493580e-07
912 1.338880e-06 6.851780e-07 9.295630e-07
913 1.327100e-06 6.793090e-07 5.893970e-07
914 1.322520e-06 6.718490e-07 9.518150e-07
915 1.311040e-06 6.671290e-07 9.803580e-07
916 1.301460e-06 6.614730e-07 5.627550e-07
917 1.298950e-06 6.580300e-07 8.785440e-07
918 1.287420e-06 6.532350e-07 8.764260e-07
919 1.276780e-06 6.474620e-07 9.850640e-07
920 1.267650e-06 6.416940e-07 5.909240e-07
921 1.266190e-06 6.388980e-07 9.181850e-07
922 1.255430e-06 6.352630e-07 8.517150e-07
923 1.244860e-06 6.294300e-07 9.087460e-07
924 1.235090e-06 6.230680e-07 5.447680e-07
925 1.232180e-06 6.192200e-07 8.623810e-07
926 1.221370e-06 6.153140e-07 8.516650e-07
927 1.211650e-06 6.102520e-07 9.355730e-07
928 1.203190e-06 6.050030e-07 5.480240e-07
929 1.201700e-06 6.027880e-07 8.499340e-07
930 1.191200e-06 5.990920e-07 8.054040e-07
931 1.181100e-06 5.937290e-07 8.778000e-07
932 1.172120e-06 5.882060e-07 9.988220e-07
933 1.164770e-06 5.835520e-07 5.586600e-07
934 1.164220e-06 5.827270e-07 8.117820e-07
935 1.153860e-06 5.792890e-07 7.055530e-07
936 1.143240e-06 5.732850e-07 7.778060e-07
937 1.133750e-06 5.674380e-07 9.447790e-07
938 1.126590e-06 5.628960e-07 5.594380e-07
939 1.127380e-06 5.628780e-07 8.611860e-07
940 1.118330e-06 5.610990e-07 7.299170e-07
941 1.108240e-06 5.559080e-07 7.481130e-07
942 1.098320e-06 5.497570e-07 8.667600e-07
943 1.090250e-06 5.443890e-07 5.236790e-07
944 1.089850e-06 5.431340e-07 8.149560e-07
945 1.081260e-06 5.408530e-07 7.319800e-07
946 1.072530e-06 5.364560e-07 7.744410e-07
947 1.064170e-06 5.316380e-07 8.859840e-07
948 1.057180e-06 5.275330e-07 9.910620e-07
949 1.051890e-06 5.248380e-07 5.171280e-07
950 1.051950e-06 5.259200e-07 6.980040e-07
951 1.042070e-06 5.222020e-07 5.938160e-07
952 1.031600e-06 5.159780e-07 6.677850e-07
953 1.022410e-06 5.104250e-07 8.541130e-07
954 1.016020e-06 5.066490e-07 5.211580e-07
955 1.017620e-06 5.076830e-07 8.305730e-07
956 1.010200e-06 5.071330e-07 6.899490e-07
957 1.001270e-06 5.026670e-07 6.799670e-07
958 9.920760e-07 4.968690e-07 7.663470e-07
959 9.844920e-07 4.917590e-07 8.943230e-07
960 9.795340e-07 4.885900e-07 9.690050e-07
961 9.761530e-07 4.874920e-07 9.395070e-07
962 9.720990e-07 4.869850e-07 8.379950e-07
963 9.660260e-07 4.851910e-07 7.368910e-07
964 9.583550e-07 4.814740e-07 6.995790e-07
965 9.505710e-07 4.769380e-07 7.430260e-07
966 9.440410e-07 4.730220e-07 8.216700e-07
967 9.390930e-07 4.703840e-07 8.699310e-07
968 9.348570e-07 4.687940e-07 8.593290e-07
969 9.301490e-07 4.673690e-07 8.060740e-07
970 9.243560e-07 4.651810e-07 7.479290e-07
971 9.177040e-07 4.619650e-07 7.213240e-07
972 9.109890e-07 4.583110e-07 7.375540e-07
973 9.049930e-07 4.550790e-07 7.751600e-07
974 8.999400e-07 4.527120e-07 8.009630e-07
975 8.953990e-07 4.510560e-07 7.969690e-07
976 8.907000e-07 4.495420e-07 7.696220e-07
977 8.854350e-07 4.475920e-07 7.399960e-07
978 8.796840e-07 4.450340e-07 7.264630e-07
979 8.738700e-07 4.421640e-07 7.326300e-07
980 8.683900e-07 4.394140e-07 7.473670e-07
981 8.633470e-07 4.370270e-07 7.549710e-07
982 8.585350e-07 4.349670e-07 7.481260e-07
983 8.536560e-07 4.330110e-07 7.312130e-07
984 8.485550e-07 4.309370e-07 7.154970e-07
985 8.433070e-07 4.286980e-07 7.098610e-07
986 8.381360e-07 4.264350e-07 7.148500e-07
987 8.332230e-07 4.243280e-07 7.231880e-07
988 8.285710e-07 4.224300e-07 7.261210e-07
989 8.240190e-07 4.206450e-07 7.199850e-07
990 8.193760e-07 4.188060e-07 7.079330e-07
991 8.145600e-07 4.167960e-07 6.965500e-07
992 8.096330e-07 4.146340e-07 6.907610e-07
993 8.047420e-07 4.124490e-07 6.909260e-07
994 8.000120e-07 4.103810e-07 6.935460e-07
995 7.954700e-07 4.084980e-07 6.943790e-07
996 7.910500e-07 4.067670e-07 6.914010e-07
997 7.866560e-07 4.050890e-07 6.855810e-07
998 7.822310e-07 4.033780e-07 6.795980e-07
999 7.777820e-07 4.016050e-07 6.755420e-07
1000 7.733540e-07 3.998000e-07 6.736050e-07
1001 7.689890e-07 3.980150e-07 6.723180e-07
1002 7.646880e-07 3.962760e-07 6.699970e-07
1003 7.604250e-07 3.945780e-07 6.661320e-07
1004 7.561730e-07 3.928950e-07 6.615290e-07
1005 7.519260e-07 3.912070e-07 6.575140e-07
1006 7.477080e-07 3.895220e-07 6.548950e-07
1007 7.435510e-07 3.878640e-07 6.533700e-07
1008 7.394730e-07 3.862560e-07 6.518950e-07
1009 7.354620e-07 3.847020e-07 6.495500e-07
1010 7.314870e-07 3.831860e-07 6.461700e-07
1011 7.275230e-07 3.816810e-07 6.423890e-07
1012 7.235590e-07 3.801700e-07 6.389660e-07
1013 7.196080e-07 3.786530e-07 6.363150e-07
1014 7.156920e-07 3.771400e-07 6.342450e-07
1015 7.118260e-07 3.756450e-07 6.321680e-07
1016 7.080120e-07 3.741750e-07 6.296320e-07
1017 7.042400e-07 3.727290e-07 6.265930e-07
1018 7.004970e-07 3.713000e-07 6.233700e-07
1019 6.967770e-07 3.698850e-07 6.203900e-07
1020 6.930810e-07 3.684860e-07 6.178870e-07
1021 6.894170e-07 3.671070e-07 6.157700e-07
1022 6.857890e-07 3.657520e-07 6.137420e-07
1023 6.821970e-07 3.644170e-07 6.115360e-07
